33332
33030
44431
44444
11111
11111
64666
11141
11115
24662
66330
11111
00000
00000
06666
66666
55222
33333
33444
43434
33304
34434
04212
00200
00200
00200
11111
11222
22444
33333
43232
22362
33324
44522
55555
55555
22226
66444
66444
44000
33334
23233
22323
33332
24542
55555
55555
22222
66444
44441
10440
44000
33333
24233
44443
34444
44441
11111
11111
11111
62242
66662
66332
66666
00202
21224
22000
33333
42234
22222
33333
32434
32422
66136
63365
32535
66565
55555
55555
55555
05555
00000
55544
14444
33333
23433
22326
33333
32432
62224
55555
53633
56336
55555
66464
22446
44666
33333
43263
44441
33333
34433
33114
44444
00000
00000
10000
10006
16666
11116
66656
66666
66622
33333
22242
22326
33334
32432
62222
66416
66536
66666
45545
44444
00005
00005
55555
06554
55666
33333
44234
22323
33323
32432
44444
55555
56626
56666
56665
56666
50000
50000
00055
00000
55555
14444
33333
33333
22366
22222
55555
55555
00004
55555
55555
00304
42256
43220
66666
66333
26226
66666
44444
33333
23232
22232
33333
32446
62426
66464
66252
66556
56566
55555
55555
05550
05500
00000
55555
14444
33333
44412
22322
33355
22555
55555
55555
22222
66664
66666
11445
44444
33333
33443
43434
33313
34240
34232
44444
03400
00110
00100
11116
11111
61111
66666
66666
66655
55555
56555
22222
33333
33235
23232
33333
32433
33433
22222
66666
55555
66444
66435
60446
44333
33333
32222
22232
33335
32226
44444
66466
63325
66666
45546
44444
55555
00556
55666
33333
33344
43333
44144
05020
00011
00034
16333
16636
14262
66666
14244
16600
22222
00000
22222
11551
11111
11111
55555
33333
22222
51313
33444
33331
44244
11111
44444
00022
00000
66224
22222
33324
44233
44434
33333
44124
11111
11111
44444
00022
00000
66220
22555
33333
23243
44333
44444
05035
00000
00003
14352
16631
14266
66666
14212
14404
11111
11112
22222
44406
02000
55555
33333
23434
44434
33332
42244
11111
11110
44444
00002
00226
22111
33333
43243
44344
44400
03363
00000
00000
55444
33242
22332
22222
60600
66202
60660
66666
02222
11155
15555
33333
43232
22322
33533
32232
44444
66461
63236
66556
56555
55555
55555
05550
05500
00000
55511
14444
33333
24443
44434
33331
44121
11112
11111
44440
00222
00220
22222
33333
44235
44334
33333
44221
11111
11111
44444
00200
22222
55220
22666
33333
43442
22222
32222
22226
55555
55555
00000
00040
54424
41611
42066
46620
40660
55555
45446
44555
33333
33333
23232
33333
24454
55555
44444
22222
66666
55555
11440
44222
33334
33222
22332
22222
55555
40150
55050
33330
12555
10444
11111
44444
55555
33333
43433
44444
33133
42224
11111
00000
11110
20222
00222
22555
33334
22433
44444
34444
44440
11111
11111
61100
00000
66066
66636
00000
11140
66646
66665
66622
55555
33333
43324
44444
33134
44144
11110
11111
44444
00202
00222
22222
33333
23432
44443
34444
44440
41146
10620
66661
66231
00202
20640
26440
26602
25555
11111
26226
22111
33333
33333
22233
22222
55555
55555
00402
55252
55554
40004
40055
42224
66666
66000
00660
00000
11111
33333
23232
51331
31515
41111
15555
56565
55556
66466
54450
44354
44644
00004
00004
55455
22225
33333
44412
51314
34343
44444
44442
11111
44444
00202
06223
22000
33333
42232
13530
22232
22222
22224
66666
55555
44444
00445
44555
33333
33332
44113
44444
11111
11111
66646
11411
11116
26461
26333
24444
00222
00000
33333
33334
43444
33343
44122
11111
00000
22222
00536
00605
00001
11111
50220
22555
33333
23334
44334
33333
33222
34242
44044
03330
00000
21120
22222
11001
66110
11000
33333
23334
22222
33335
32432
44446
55555
53335
66666
66666
55555
22444
44555
33334
23333
22222
33333
22222
55555
55555
22222
66446
60444
44000
33333
43234
22222
32224
22226
25525
56620
00600
00604
55555
44464
46444
44444
33333
23232
44433
33344
34230
33412
44444
13331
11110
00221
00000
23220
22444
33333
22234
53334
33333
33333
44440
11111
44444
00020
00221
22444
33333
43333
44334
33333
24410
11111
11111
44444
00002
00224
22222
33333
23443
44333
33343
44144
11111
11111
44444
00000
00220
22111
33333
43441
22222
33333
32433
44444
66416
62226
66666
44225
44444
56666
00000
44444
11110
11005
00000
55515
11555
55555
55555
33333
24432
44342
33333
34040
22122
00205
03441
33331
00100
11115
11111
11111
61166
66666
11111
25555
33333
33334
43434
33334
34234
34044
00552
03300
00000
10100
11116
11111
11166
66666
55555
11551
55556
22222
33333
42433
22332
33334
24522
55555
55555
22222
66664
66444
44000
33333
44432
22222
32526
22225
25520
56666
55554
06664
00004
00334
00000
00404
22424
55454
11114
11111
11111
44444
33333
43230
44434
33331
42102
11111
11111
44444
00020
00220
22222
33333
23232
22222
33335
22225
55555
55555
22226
66444
66444
44111
33333
43434
44343
33333
34222
22222
00200
03434
00000
21100
22222
66661
66661
11001
22111
11666
33333
43234
22224
33323
25524
55554
55555
22222
66444
66444
44444
33333
33633
23223
33322
22544
55555
22222
66666
44444
55555
00440
44444
33333
23436
22222
33335
22542
55555
55555
22222
66466
66446
44444
33334
33333
44444
33333
03030
00111
00000
13333
16366
10066
66666
10040
10010
11111
11111
22222
66666
00000
22222
55555
33333
42434
22233
32222
22220
55555
55555
00000
00400
66444
46006
40024
40000
41111
55555
46445
44444
33333
22232
44333
33403
42440
11111
11111
44444
00222
00000
55225
22111
33333
23234
13333
33330
22025
22222
55555
22262
66464
66446
44555
33333
24232
44444
34440
44164
41446
10000
11110
62232
66662
66332
66262
02242
20224
22444
33333
22443
15331
33333
22222
22222
55555
22222
66664
66444
44000
33333
23236
44444
33342
44444
11111
11111
44444
00002
00220
22666
33333
42436
44444
33134
42122
11111
11111
44444
00002
00220
22222
33333
33334
33344
33331
34220
44444
22266
22222
22666
22060
22066
22122
11112
11222
33333
22232
44444
33333
42121
11111
11111
44440
00002
00222
22222
33333
33323
23333
33324
32222
44444
55555
56332
55556
66666
66666
35444
44000
33333
43434
44333
33333
44112
11112
11111
44444
00202
00220
22555
33333
24233
22332
33233
32432
44444
66414
66466
66466
55555
55445
44666
33333
33043
43444
43343
33333
61116
11111
66333
66666
66165
55515
25225
22115
00220
22222
33333
33344
44334
33323
34232
33442
44444
00000
00036
10000
10006
16666
11166
61166
66666
11155
52222
33333
24424
22325
33323
25542
55555
55555
22222
66464
66440
44000
33333
23334
22232
32222
22522
25555
56665
55550
00404
00434
00004
66004
00404
22454
45446
44444
33333
22432
22223
32222
22264
25520
56430
55555
00004
00334
00004
66464
20404
22424
42442
44111
33333
23433
44444
33333
44442
11111
00002
11111
20202
00221
22111
33333
33333
43434
33343
42124
11111
11111
44444
00000
00222
22555
33333
43432
33311
34443
44444
44044
66666
44060
66262
10222
25555
20266
26446
26444
11111
26226
22666
33332
23232
22223
33333
24226
55555
55555
22226
66664
66444
44111
33333
44433
44332
33332
34044
04444
00005
03430
33133
10110
11116
11111
11111
61166
66666
11111
25555
33331
23243
44443
34444
44141
11111
11111
61111
66666
66663
00333
00000
00040
46006
66655
66666
55555
33344
23232
44443
33334
34244
04444
11111
13440
11111
00222
11101
66221
22333
33333
23422
22323
33323
24524
55555
55555
66666
44644
11444
44111
33333
33663
26333
22222
22220
55055
00001
10401
11331
11112
11004
33333
33434
43443
33331
42104
11111
11111
44444
00000
00222
22333
33333
33333
22222
22222
55554
55555
00202
66660
66663
55555
30303
66526
05320
00030
00000
11111
33333
23436
22222
32222
22204
25555
56625
00006
00000
54444
41614
46422
42026
40404
55555
45445
44444
33333
23233
22226
32222
22202
25555
56636
00000
50600
00000
54424
54404
54444
11111
11166
55555
15441
44444
33333
33633
23233
33333
61265
66666
66666
53351
53233
56200
00000
56464
50226
44444
06461
44515
11111
10000
55555
33333
44423
22333
33332
32424
62226
66461
63226
66666
45546
44444
55565
00005
00005
44445
00555
55000
33333
23222
22323
32522
22222
25555
50605
00000
00404
00000
56420
50404
52442
55555
45441
44666
33333
43434
22225
33323
32432
32236
66611
66626
66666
45566
44444
55555
00554
55444
33333
44232
22232
33335
24555
55554
55555
22222
66664
66666
11442
44333
33333
43433
23335
32323
22022
22244
55555
22222
66664
66446
44333
33333
33224
22333
22222
55555
55555
00440
66460
66666
55555
06606
33636
66026
00222
00000
66666
11111
33332
43232
22322
33323
24662
55555
55555
22222
66664
66666
00440
44222
33333
24444
44444
33333
44441
11111
11111
44444
00002
00222
22444
33333
33343
43344
33333
00300
00000
00001
33636
16101
13116
11111
63332
64664
66666
24406
22222
00002
66222
22222
55555
33333
44232
22222
33322
22522
55555
55555
22222
66444
66444
44333
33333
43444
44443
44441
03004
00101
00004
15552
13333
14611
66666
14242
10210
11111
21111
22222
66666
22222
00000
55555
