0.20  0.20  0.20  0.20  0.20  
0.20  0.20  0.20  0.20  0.20  
0.30  0.28  0.09  0.09  0.25  
0.30  0.28  0.09  0.09  0.25  
0.74  0.17  0.02  0.02  0.05  
0.77  0.17  0.01  0.01  0.04  
0.79  0.18  0.01  0.01  0.02  
0.64  0.32  0.01  0.01  0.02  
0.52  0.40  0.06  0.01  0.01  
0.32  0.56  0.09  0.02  0.01  
0.17  0.77  0.04  0.01  0.01  
0.17  0.77  0.04  0.01  0.01  
0.17  0.77  0.04  0.01  0.01  
0.17  0.77  0.04  0.01  0.01  
0.08  0.90  0.01  0.00  0.01  
0.07  0.79  0.01  0.01  0.13  
0.07  0.85  0.01  0.01  0.06  
-9999.00  -9999.00  -9999.00  -9999.00  -9999.00  
0.07  0.85  0.01  0.01  0.06  
0.03  0.92  0.02  0.01  0.03  
0.03  0.92  0.01  0.00  0.02  
0.04  0.95  0.01  0.00  0.01  
0.09  0.88  0.01  0.00  0.02  
0.09  0.88  0.01  0.00  0.02  
0.09  0.88  0.01  0.00  0.02  
0.09  0.88  0.01  0.00  0.02  
0.09  0.89  0.01  0.00  0.01  
0.07  0.87  0.05  0.01  0.01  
0.08  0.91  0.01  0.00  0.00  
-9999.00  -9999.00  -9999.00  -9999.00  -9999.00  
0.08  0.91  0.01  0.00  0.00  
0.07  0.88  0.02  0.01  0.01  
0.07  0.89  0.02  0.01  0.00  
0.07  0.89  0.02  0.01  0.00  
0.21  0.77  0.01  0.01  0.01  
0.21  0.77  0.01  0.01  0.01  
0.21  0.77  0.01  0.01  0.01  
0.21  0.77  0.01  0.01  0.01  
0.22  0.76  0.01  0.01  0.01  
0.22  0.76  0.01  0.01  0.01  
0.17  0.78  0.02  0.02  0.01  
0.19  0.81  0.01  0.00  0.00  
-9999.00  -9999.00  -9999.00  -9999.00  -9999.00  
0.19  0.81  0.01  0.00  0.00  
0.19  0.81  0.01  0.00  0.00  
0.14  0.83  0.02  0.01  0.00  
0.14  0.83  0.02  0.01  0.00  
0.14  0.83  0.02  0.01  0.00  
0.14  0.83  0.02  0.01  0.00  
0.41  0.59  0.00  0.00  0.00  
0.40  0.58  0.00  0.01  0.00  
0.32  0.63  0.02  0.03  0.00  
0.32  0.63  0.02  0.03  0.00  
0.32  0.63  0.02  0.03  0.00  
0.23  0.60  0.07  0.09  0.00  
0.13  0.43  0.19  0.25  0.00  
0.21  0.66  0.08  0.05  0.00  
-9999.00  -9999.00  -9999.00  -9999.00  -9999.00  
0.21  0.66  0.08  0.05  0.00  
0.10  0.74  0.10  0.06  0.00  
0.06  0.61  0.26  0.07  0.00  
0.06  0.61  0.26  0.07  0.00  
0.06  0.61  0.26  0.07  0.00  
0.08  0.72  0.13  0.07  0.00  
0.08  0.72  0.13  0.07  0.00  
0.04  0.52  0.39  0.05  0.00  
0.04  0.52  0.39  0.05  0.00  
0.02  0.26  0.62  0.10  0.00  
0.02  0.26  0.62  0.10  0.00  
0.01  0.22  0.52  0.24  0.00  
0.01  0.22  0.52  0.24  0.00  
0.01  0.22  0.52  0.24  0.00  
0.00  0.08  0.60  0.32  0.00  
0.00  0.08  0.60  0.32  0.00  
0.00  0.08  0.62  0.29  0.00  
0.00  0.08  0.62  0.29  0.00  
0.00  0.08  0.62  0.29  0.00  
-9999.00  -9999.00  -9999.00  -9999.00  -9999.00  
0.00  0.08  0.62  0.29  0.00  
0.00  0.01  0.34  0.64  0.00  
0.00  0.02  0.36  0.62  0.00  
0.00  0.02  0.36  0.62  0.00  
0.00  0.01  0.15  0.84  0.00  
0.00  0.01  0.15  0.84  0.00  
0.00  0.00  0.04  0.96  0.00  
0.00  0.00  0.04  0.96  0.00  
0.00  0.00  0.09  0.91  0.00  
0.00  0.00  0.09  0.91  0.00  
0.00  0.00  0.08  0.92  0.00  
0.00  0.00  0.04  0.96  0.00  
0.00  0.00  0.04  0.96  0.00  
0.00  0.00  0.04  0.96  0.00  
-9999.00  -9999.00  -9999.00  -9999.00  -9999.00  
0.00  0.00  0.04  0.96  0.00  
0.00  0.00  0.01  0.99  0.00  
0.00  0.00  0.04  0.96  0.00  
0.00  0.00  0.11  0.89  0.00  
0.00  0.00  0.11  0.89  0.00  
0.00  0.00  0.11  0.89  0.00  
0.00  0.00  0.11  0.89  0.00  
0.00  0.00  0.12  0.88  0.00  
0.00  0.00  0.14  0.86  0.00  
0.00  0.00  0.14  0.86  0.00  
0.00  0.00  0.27  0.73  0.00  
0.00  0.00  0.11  0.89  0.00  
0.00  0.00  0.11  0.89  0.00  
0.00  0.00  0.11  0.89  0.00  
0.00  0.00  0.10  0.90  0.00  
0.00  0.00  0.10  0.90  0.00  
0.00  0.00  0.11  0.89  0.00  
0.00  0.00  0.11  0.89  0.00  
0.00  0.00  0.11  0.89  0.00  
-9999.00  -9999.00  -9999.00  -9999.00  -9999.00  
0.00  0.00  0.12  0.88  0.00  
0.00  0.00  0.12  0.88  0.00  
0.00  0.00  0.13  0.87  0.00  
0.00  0.00  0.14  0.86  0.00  
0.00  0.00  0.08  0.92  0.00  
0.00  0.00  0.08  0.92  0.00  
0.00  0.00  0.08  0.92  0.00  
0.00  0.00  0.08  0.92  0.00  
0.00  0.00  0.09  0.91  0.00  
0.00  0.00  0.09  0.91  0.00  
0.00  0.00  0.16  0.84  0.00  
-9999.00  -9999.00  -9999.00  -9999.00  -9999.00  
0.00  0.00  0.16  0.84  0.00  
0.00  0.00  0.08  0.92  0.00  
0.00  0.00  0.22  0.78  0.00  
0.00  0.00  0.22  0.78  0.00  
0.00  0.01  0.45  0.54  0.00  
0.00  0.02  0.47  0.51  0.00  
0.00  0.00  0.45  0.55  0.00  
0.00  0.00  0.42  0.57  0.00  
0.00  0.00  0.40  0.60  0.00  
0.00  0.00  0.40  0.60  0.00  
0.00  0.00  0.40  0.60  0.00  
0.00  0.00  0.57  0.43  0.00  
0.00  0.00  0.57  0.43  0.00  
0.00  0.00  0.72  0.28  0.00  
-9999.00  -9999.00  -9999.00  -9999.00  -9999.00  
0.00  0.00  0.72  0.28  0.00  
0.00  0.00  0.72  0.28  0.00  
0.00  0.00  0.75  0.25  0.00  
0.00  0.00  0.74  0.25  0.00  
0.00  0.00  0.47  0.52  0.00  
0.00  0.00  0.66  0.34  0.00  
0.00  0.00  0.34  0.66  0.00  
0.00  0.00  0.34  0.66  0.00  
0.00  0.00  0.31  0.69  0.00  
0.00  0.00  0.29  0.71  0.00  
0.00  0.00  0.26  0.74  0.00  
0.00  0.00  0.26  0.74  0.00  
0.00  0.00  0.29  0.71  0.00  
0.00  0.00  0.45  0.55  0.00  
-9999.00  -9999.00  -9999.00  -9999.00  -9999.00  
0.00  0.00  0.45  0.55  0.00  
0.00  0.00  0.27  0.73  0.00  
0.00  0.00  0.16  0.84  0.00  
0.00  0.00  0.28  0.72  0.00  
0.00  0.00  0.11  0.89  0.00  
0.00  0.00  0.12  0.88  0.00  
0.00  0.00  0.13  0.87  0.00  
0.00  0.00  0.13  0.87  0.00  
0.00  0.00  0.07  0.93  0.00  
0.00  0.00  0.07  0.93  0.00  
0.00  0.00  0.13  0.87  0.00  
-9999.00  -9999.00  -9999.00  -9999.00  -9999.00  
0.00  0.00  0.13  0.87  0.00  
0.00  0.00  0.13  0.87  0.00  
0.00  0.00  0.33  0.67  0.00  
0.00  0.00  0.33  0.67  0.00  
0.00  0.00  0.19  0.80  0.00  
0.00  0.00  0.10  0.89  0.00  
0.00  0.01  0.11  0.88  0.00  
0.00  0.01  0.12  0.87  0.00  
0.00  0.00  0.04  0.96  0.00  
0.00  0.00  0.04  0.96  0.00  
0.00  0.00  0.04  0.96  0.00  
0.00  0.00  0.04  0.96  0.00  
0.00  0.00  0.04  0.96  0.00  
0.00  0.00  0.04  0.96  0.00  
0.00  0.00  0.04  0.96  0.00  
0.00  0.00  0.04  0.96  0.00  
0.00  0.00  0.04  0.96  0.00  
0.00  0.01  0.08  0.91  0.00  
-9999.00  -9999.00  -9999.00  -9999.00  -9999.00  
0.00  0.01  0.08  0.91  0.00  
0.00  0.01  0.04  0.95  0.00  
0.00  0.03  0.07  0.90  0.00  
0.00  0.01  0.07  0.92  0.00  
0.00  0.01  0.07  0.92  0.00  
0.00  0.01  0.07  0.92  0.00  
0.00  0.01  0.07  0.92  0.00  
0.00  0.02  0.13  0.84  0.00  
0.00  0.02  0.38  0.60  0.00  
0.00  0.09  0.51  0.41  0.00  
0.00  0.05  0.26  0.69  0.00  
0.00  0.08  0.41  0.51  0.00  
0.00  0.07  0.42  0.51  0.00  
0.00  0.07  0.42  0.51  0.00  
0.00  0.07  0.42  0.51  0.00  
0.00  0.07  0.42  0.51  0.00  
0.00  0.11  0.64  0.25  0.00  
0.00  0.28  0.52  0.20  0.00  
0.00  0.28  0.52  0.20  0.00  
-9999.00  -9999.00  -9999.00  -9999.00  -9999.00  
0.00  0.28  0.52  0.20  0.00  
0.00  0.25  0.54  0.21  0.00  
0.00  0.31  0.58  0.11  0.00  
0.00  0.31  0.58  0.11  0.00  
0.00  0.47  0.39  0.14  0.00  
0.00  0.47  0.39  0.14  0.00  
0.00  0.47  0.39  0.14  0.00  
0.00  0.47  0.39  0.14  0.00  
0.01  0.29  0.50  0.20  0.00  
0.00  0.10  0.64  0.26  0.00  
0.00  0.32  0.56  0.11  0.00  
-9999.00  -9999.00  -9999.00  -9999.00  -9999.00  
0.00  0.32  0.56  0.11  0.00  
0.00  0.32  0.56  0.11  0.00  
0.00  0.32  0.56  0.11  0.00  
0.00  0.32  0.56  0.11  0.00  
0.00  0.32  0.56  0.11  0.00  
0.00  0.32  0.56  0.11  0.00  
0.00  0.32  0.56  0.11  0.00  
0.00  0.32  0.57  0.10  0.00  
0.00  0.32  0.57  0.10  0.00  
0.00  0.13  0.72  0.15  0.00  
0.00  0.13  0.72  0.15  0.00  
0.00  0.38  0.56  0.06  0.00  
0.01  0.22  0.70  0.08  0.00  
0.01  0.22  0.70  0.08  0.00  
0.00  0.08  0.81  0.10  0.00  
0.00  0.08  0.81  0.10  0.00  
0.00  0.03  0.85  0.12  0.00  
0.00  0.03  0.85  0.12  0.00  
0.00  0.03  0.85  0.12  0.00  
0.00  0.03  0.85  0.12  0.00  
0.00  0.03  0.85  0.12  0.00  
-9999.00  -9999.00  -9999.00  -9999.00  -9999.00  
0.00  0.03  0.85  0.12  0.00  
0.00  0.04  0.72  0.24  0.00  
0.00  0.05  0.74  0.22  0.00  
0.00  0.05  0.74  0.22  0.00  
0.00  0.12  0.67  0.20  0.00  
0.00  0.12  0.67  0.20  0.00  
0.00  0.12  0.67  0.20  0.00  
0.00  0.13  0.69  0.18  0.00  
0.00  0.13  0.69  0.18  0.00  
0.00  0.12  0.70  0.18  0.00  
0.00  0.18  0.52  0.29  0.00  
0.00  0.18  0.52  0.29  0.00  
0.01  0.50  0.38  0.11  0.00  
-9999.00  -9999.00  -9999.00  -9999.00  -9999.00  
0.01  0.50  0.38  0.11  0.00  
0.01  0.50  0.38  0.11  0.00  
0.01  0.65  0.22  0.12  0.00  
0.01  0.65  0.22  0.12  0.00  
0.05  0.81  0.09  0.05  0.00  
0.05  0.81  0.09  0.05  0.00  
0.05  0.81  0.09  0.05  0.00  
0.05  0.81  0.09  0.05  0.00  
0.05  0.81  0.09  0.05  0.00  
0.05  0.81  0.09  0.05  0.00  
0.03  0.59  0.25  0.14  0.00  
0.04  0.80  0.10  0.06  0.00  
0.04  0.80  0.10  0.05  0.00  
0.05  0.91  0.03  0.01  0.00  
-9999.00  -9999.00  -9999.00  -9999.00  -9999.00  
0.05  0.91  0.03  0.01  0.00  
0.02  0.97  0.01  0.00  0.00  
0.02  0.97  0.00  0.00  0.00  
0.02  0.97  0.00  0.00  0.00  
0.01  0.99  0.00  0.00  0.00  
0.01  0.99  0.00  0.00  0.00  
0.01  0.99  0.00  0.00  0.00  
0.00  0.99  0.00  0.00  0.00  
0.00  0.99  0.00  0.00  0.00  
0.00  0.99  0.00  0.00  0.00  
0.00  0.99  0.00  0.00  0.00  
0.00  0.99  0.00  0.00  0.00  
0.00  0.99  0.00  0.00  0.00  
0.00  0.99  0.00  0.00  0.00  
0.00  1.00  0.00  0.00  0.00  
0.00  1.00  0.00  0.00  0.00  
0.00  1.00  0.00  0.00  0.00  
0.00  1.00  0.00  0.00  0.00  
0.00  1.00  0.00  0.00  0.00  
-9999.00  -9999.00  -9999.00  -9999.00  -9999.00  
0.00  1.00  0.00  0.00  0.00  
0.00  1.00  0.00  0.00  0.00  
0.00  1.00  0.00  0.00  0.00  
0.00  1.00  0.00  0.00  0.00  
0.00  1.00  0.00  0.00  0.00  
0.00  1.00  0.00  0.00  0.00  
0.00  1.00  0.00  0.00  0.00  
0.00  1.00  0.00  0.00  0.00  
0.00  1.00  0.00  0.00  0.00  
0.00  1.00  0.00  0.00  0.00  
0.00  1.00  0.00  0.00  0.00  
0.00  1.00  0.00  0.00  0.00  
0.00  1.00  0.00  0.00  0.00  
-9999.00  -9999.00  -9999.00  -9999.00  -9999.00  
0.00  1.00  0.00  0.00  0.00  
0.00  1.00  0.00  0.00  0.00  
0.00  1.00  0.00  0.00  0.00  
0.00  1.00  0.00  0.00  0.00  
0.00  1.00  0.00  0.00  0.00  
0.00  1.00  0.00  0.00  0.00  
0.00  1.00  0.00  0.00  0.00  
0.00  1.00  0.00  0.00  0.00  
0.00  1.00  0.00  0.00  0.00  
0.00  1.00  0.00  0.00  0.00  
0.00  1.00  0.00  0.00  0.00  
-9999.00  -9999.00  -9999.00  -9999.00  -9999.00  
0.00  1.00  0.00  0.00  0.00  
0.00  1.00  0.00  0.00  0.00  
0.00  1.00  0.00  0.00  0.00  
0.00  1.00  0.00  0.00  0.00  
0.00  1.00  0.00  0.00  0.00  
0.00  1.00  0.00  0.00  0.00  
0.00  1.00  0.00  0.00  0.00  
0.00  1.00  0.00  0.00  0.00  
0.00  1.00  0.00  0.00  0.00  
0.00  1.00  0.00  0.00  0.00  
0.00  1.00  0.00  0.00  0.00  
0.00  1.00  0.00  0.00  0.00  
-9999.00  -9999.00  -9999.00  -9999.00  -9999.00  
0.00  1.00  0.00  0.00  0.00  
0.00  1.00  0.00  0.00  0.00  
0.00  1.00  0.00  0.00  0.00  
0.00  1.00  0.00  0.00  0.00  
0.00  1.00  0.00  0.00  0.00  
0.00  1.00  0.00  0.00  0.00  
0.00  1.00  0.00  0.00  0.00  
0.00  1.00  0.00  0.00  0.00  
0.00  1.00  0.00  0.00  0.00  
0.00  1.00  0.00  0.00  0.00  
0.00  1.00  0.00  0.00  0.00  
0.00  1.00  0.00  0.00  0.00  
-9999.00  -9999.00  -9999.00  -9999.00  -9999.00  
0.00  1.00  0.00  0.00  0.00  
0.00  1.00  0.00  0.00  0.00  
0.00  1.00  0.00  0.00  0.00  
0.00  1.00  0.00  0.00  0.00  
0.00  1.00  0.00  0.00  0.00  
0.00  1.00  0.00  0.00  0.00  
0.00  1.00  0.00  0.00  0.00  
0.00  1.00  0.00  0.00  0.00  
0.00  1.00  0.00  0.00  0.00  
0.00  1.00  0.00  0.00  0.00  
0.00  1.00  0.00  0.00  0.00  
0.00  1.00  0.00  0.00  0.00  
0.00  1.00  0.00  0.00  0.00  
0.00  1.00  0.00  0.00  0.00  
0.00  1.00  0.00  0.00  0.00  
0.00  1.00  0.00  0.00  0.00  
-9999.00  -9999.00  -9999.00  -9999.00  -9999.00  
0.00  1.00  0.00  0.00  0.00  
0.00  1.00  0.00  0.00  0.00  
0.00  1.00  0.00  0.00  0.00  
0.00  1.00  0.00  0.00  0.00  
0.00  1.00  0.00  0.00  0.00  
0.00  1.00  0.00  0.00  0.00  
0.00  1.00  0.00  0.00  0.00  
0.00  1.00  0.00  0.00  0.00  
0.00  1.00  0.00  0.00  0.00  
0.00  1.00  0.00  0.00  0.00  
0.00  1.00  0.00  0.00  0.00  
0.00  1.00  0.00  0.00  0.00  
0.00  1.00  0.00  0.00  0.00  
0.00  1.00  0.00  0.00  0.00  
0.00  1.00  0.00  0.00  0.00  
0.00  1.00  0.00  0.00  0.00  
0.00  1.00  0.00  0.00  0.00  
0.00  1.00  0.00  0.00  0.00  
0.00  1.00  0.00  0.00  0.00  
-9999.00  -9999.00  -9999.00  -9999.00  -9999.00  
0.00  1.00  0.00  0.00  0.00  
0.00  1.00  0.00  0.00  0.00  
0.00  1.00  0.00  0.00  0.00  
0.00  1.00  0.00  0.00  0.00  
0.00  1.00  0.00  0.00  0.00  
0.00  1.00  0.00  0.00  0.00  
0.00  1.00  0.00  0.00  0.00  
0.00  1.00  0.00  0.00  0.00  
0.00  1.00  0.00  0.00  0.00  
0.00  1.00  0.00  0.00  0.00  
0.00  1.00  0.00  0.00  0.00  
-9999.00  -9999.00  -9999.00  -9999.00  -9999.00  
0.00  1.00  0.00  0.00  0.00  
0.00  1.00  0.00  0.00  0.00  
0.00  1.00  0.00  0.00  0.00  
0.00  1.00  0.00  0.00  0.00  
0.00  1.00  0.00  0.00  0.00  
0.00  1.00  0.00  0.00  0.00  
0.00  1.00  0.00  0.00  0.00  
0.00  1.00  0.00  0.00  0.00  
0.00  1.00  0.00  0.00  0.00  
0.00  1.00  0.00  0.00  0.00  
0.00  1.00  0.00  0.00  0.00  
0.00  1.00  0.00  0.00  0.00  
0.00  1.00  0.00  0.00  0.00  
0.00  1.00  0.00  0.00  0.00  
0.00  1.00  0.00  0.00  0.00  
0.00  1.00  0.00  0.00  0.00  
0.00  1.00  0.00  0.00  0.00  
0.00  1.00  0.00  0.00  0.00  
-9999.00  -9999.00  -9999.00  -9999.00  -9999.00  
0.00  1.00  0.00  0.00  0.00  
0.00  1.00  0.00  0.00  0.00  
0.00  1.00  0.00  0.00  0.00  
0.00  1.00  0.00  0.00  0.00  
0.00  1.00  0.00  0.00  0.00  
0.00  1.00  0.00  0.00  0.00  
0.00  1.00  0.00  0.00  0.00  
0.00  1.00  0.00  0.00  0.00  
0.00  1.00  0.00  0.00  0.00  
0.00  1.00  0.00  0.00  0.00  
0.00  1.00  0.00  0.00  0.00  
0.00  1.00  0.00  0.00  0.00  
0.00  1.00  0.00  0.00  0.00  
0.00  1.00  0.00  0.00  0.00  
0.00  1.00  0.00  0.00  0.00  
0.00  1.00  0.00  0.00  0.00  
0.00  1.00  0.00  0.00  0.00  
0.00  1.00  0.00  0.00  0.00  
-9999.00  -9999.00  -9999.00  -9999.00  -9999.00  
0.00  1.00  0.00  0.00  0.00  
0.00  1.00  0.00  0.00  0.00  
0.00  1.00  0.00  0.00  0.00  
0.00  1.00  0.00  0.00  0.00  
0.00  1.00  0.00  0.00  0.00  
0.00  1.00  0.00  0.00  0.00  
0.00  1.00  0.00  0.00  0.00  
0.00  1.00  0.00  0.00  0.00  
0.00  1.00  0.00  0.00  0.00  
0.00  1.00  0.00  0.00  0.00  
0.00  1.00  0.00  0.00  0.00  
0.00  1.00  0.00  0.00  0.00  
0.00  1.00  0.00  0.00  0.00  
0.00  1.00  0.00  0.00  0.00  
-9999.00  -9999.00  -9999.00  -9999.00  -9999.00  
0.00  1.00  0.00  0.00  0.00  
0.00  1.00  0.00  0.00  0.00  
0.00  1.00  0.00  0.00  0.00  
0.00  1.00  0.00  0.00  0.00  
0.00  1.00  0.00  0.00  0.00  
0.00  1.00  0.00  0.00  0.00  
0.00  1.00  0.00  0.00  0.00  
0.00  1.00  0.00  0.00  0.00  
0.00  1.00  0.00  0.00  0.00  
0.00  1.00  0.00  0.00  0.00  
0.00  1.00  0.00  0.00  0.00  
0.00  1.00  0.00  0.00  0.00  
0.00  1.00  0.00  0.00  0.00  
0.00  1.00  0.00  0.00  0.00  
0.00  1.00  0.00  0.00  0.00  
0.00  1.00  0.00  0.00  0.00  
0.00  1.00  0.00  0.00  0.00  
0.00  1.00  0.00  0.00  0.00  
0.00  1.00  0.00  0.00  0.00  
-9999.00  -9999.00  -9999.00  -9999.00  -9999.00  
0.00  1.00  0.00  0.00  0.00  
0.00  1.00  0.00  0.00  0.00  
0.00  1.00  0.00  0.00  0.00  
0.00  1.00  0.00  0.00  0.00  
0.00  1.00  0.00  0.00  0.00  
0.00  1.00  0.00  0.00  0.00  
0.00  1.00  0.00  0.00  0.00  
0.00  1.00  0.00  0.00  0.00  
0.00  1.00  0.00  0.00  0.00  
0.00  1.00  0.00  0.00  0.00  
0.00  1.00  0.00  0.00  0.00  
-9999.00  -9999.00  -9999.00  -9999.00  -9999.00  
0.00  1.00  0.00  0.00  0.00  
0.00  1.00  0.00  0.00  0.00  
0.00  1.00  0.00  0.00  0.00  
0.00  1.00  0.00  0.00  0.00  
0.00  1.00  0.00  0.00  0.00  
0.00  1.00  0.00  0.00  0.00  
0.00  1.00  0.00  0.00  0.00  
0.00  1.00  0.00  0.00  0.00  
0.00  1.00  0.00  0.00  0.00  
0.00  1.00  0.00  0.00  0.00  
0.00  1.00  0.00  0.00  0.00  
0.00  1.00  0.00  0.00  0.00  
0.00  1.00  0.00  0.00  0.00  
0.00  1.00  0.00  0.00  0.00  
0.00  1.00  0.00  0.00  0.00  
0.00  1.00  0.00  0.00  0.00  
0.00  1.00  0.00  0.00  0.00  
-9999.00  -9999.00  -9999.00  -9999.00  -9999.00  
0.00  1.00  0.00  0.00  0.00  
0.00  1.00  0.00  0.00  0.00  
0.00  1.00  0.00  0.00  0.00  
0.00  1.00  0.00  0.00  0.00  
0.00  1.00  0.00  0.00  0.00  
0.00  1.00  0.00  0.00  0.00  
0.00  1.00  0.00  0.00  0.00  
0.00  1.00  0.00  0.00  0.00  
0.00  1.00  0.00  0.00  0.00  
0.00  1.00  0.00  0.00  0.00  
0.00  1.00  0.00  0.00  0.00  
0.00  1.00  0.00  0.00  0.00  
0.00  1.00  0.00  0.00  0.00  
0.00  1.00  0.00  0.00  0.00  
-9999.00  -9999.00  -9999.00  -9999.00  -9999.00  
0.00  1.00  0.00  0.00  0.00  
0.00  1.00  0.00  0.00  0.00  
0.00  1.00  0.00  0.00  0.00  
0.00  1.00  0.00  0.00  0.00  
0.00  1.00  0.00  0.00  0.00  
0.00  1.00  0.00  0.00  0.00  
0.00  1.00  0.00  0.00  0.00  
0.00  1.00  0.00  0.00  0.00  
0.00  1.00  0.00  0.00  0.00  
0.00  1.00  0.00  0.00  0.00  
0.00  1.00  0.00  0.00  0.00  
-9999.00  -9999.00  -9999.00  -9999.00  -9999.00  
0.00  1.00  0.00  0.00  0.00  
0.00  1.00  0.00  0.00  0.00  
0.00  1.00  0.00  0.00  0.00  
0.00  1.00  0.00  0.00  0.00  
0.00  1.00  0.00  0.00  0.00  
0.00  1.00  0.00  0.00  0.00  
0.00  1.00  0.00  0.00  0.00  
0.00  1.00  0.00  0.00  0.00  
0.00  1.00  0.00  0.00  0.00  
0.00  1.00  0.00  0.00  0.00  
0.00  1.00  0.00  0.00  0.00  
0.00  1.00  0.00  0.00  0.00  
0.00  1.00  0.00  0.00  0.00  
0.00  1.00  0.00  0.00  0.00  
0.00  1.00  0.00  0.00  0.00  
0.00  1.00  0.00  0.00  0.00  
0.00  1.00  0.00  0.00  0.00  
0.00  1.00  0.00  0.00  0.00  
-9999.00  -9999.00  -9999.00  -9999.00  -9999.00  
0.00  1.00  0.00  0.00  0.00  
0.00  1.00  0.00  0.00  0.00  
0.00  1.00  0.00  0.00  0.00  
0.00  1.00  0.00  0.00  0.00  
0.00  1.00  0.00  0.00  0.00  
0.00  1.00  0.00  0.00  0.00  
0.00  1.00  0.00  0.00  0.00  
0.00  1.00  0.00  0.00  0.00  
0.00  1.00  0.00  0.00  0.00  
0.00  1.00  0.00  0.00  0.00  
0.00  1.00  0.00  0.00  0.00  
-9999.00  -9999.00  -9999.00  -9999.00  -9999.00  
0.00  1.00  0.00  0.00  0.00  
0.00  1.00  0.00  0.00  0.00  
0.00  1.00  0.00  0.00  0.00  
0.00  1.00  0.00  0.00  0.00  
0.00  1.00  0.00  0.00  0.00  
0.00  1.00  0.00  0.00  0.00  
0.00  1.00  0.00  0.00  0.00  
0.00  1.00  0.00  0.00  0.00  
0.00  1.00  0.00  0.00  0.00  
0.00  1.00  0.00  0.00  0.00  
0.00  1.00  0.00  0.00  0.00  
0.00  1.00  0.00  0.00  0.00  
-9999.00  -9999.00  -9999.00  -9999.00  -9999.00  
0.00  1.00  0.00  0.00  0.00  
0.00  1.00  0.00  0.00  0.00  
0.00  1.00  0.00  0.00  0.00  
0.00  1.00  0.00  0.00  0.00  
0.00  1.00  0.00  0.00  0.00  
0.00  1.00  0.00  0.00  0.00  
0.00  1.00  0.00  0.00  0.00  
0.00  1.00  0.00  0.00  0.00  
0.00  1.00  0.00  0.00  0.00  
0.00  1.00  0.00  0.00  0.00  
0.00  1.00  0.00  0.00  0.00  
0.00  1.00  0.00  0.00  0.00  
0.00  1.00  0.00  0.00  0.00  
0.00  1.00  0.00  0.00  0.00  
0.00  1.00  0.00  0.00  0.00  
0.00  1.00  0.00  0.00  0.00  
-9999.00  -9999.00  -9999.00  -9999.00  -9999.00  
0.00  1.00  0.00  0.00  0.00  
0.00  1.00  0.00  0.00  0.00  
0.00  1.00  0.00  0.00  0.00  
0.00  1.00  0.00  0.00  0.00  
0.00  1.00  0.00  0.00  0.00  
0.00  1.00  0.00  0.00  0.00  
0.00  1.00  0.00  0.00  0.00  
0.00  1.00  0.00  0.00  0.00  
0.00  1.00  0.00  0.00  0.00  
0.00  1.00  0.00  0.00  0.00  
0.00  1.00  0.00  0.00  0.00  
0.00  1.00  0.00  0.00  0.00  
-9999.00  -9999.00  -9999.00  -9999.00  -9999.00  
0.00  1.00  0.00  0.00  0.00  
0.00  1.00  0.00  0.00  0.00  
0.00  1.00  0.00  0.00  0.00  
0.00  1.00  0.00  0.00  0.00  
0.00  1.00  0.00  0.00  0.00  
0.00  1.00  0.00  0.00  0.00  
0.00  1.00  0.00  0.00  0.00  
0.00  1.00  0.00  0.00  0.00  
0.00  1.00  0.00  0.00  0.00  
0.00  1.00  0.00  0.00  0.00  
0.00  1.00  0.00  0.00  0.00  
0.00  1.00  0.00  0.00  0.00  
-9999.00  -9999.00  -9999.00  -9999.00  -9999.00  
0.00  1.00  0.00  0.00  0.00  
0.00  1.00  0.00  0.00  0.00  
0.00  1.00  0.00  0.00  0.00  
0.00  1.00  0.00  0.00  0.00  
0.00  1.00  0.00  0.00  0.00  
0.00  1.00  0.00  0.00  0.00  
0.00  1.00  0.00  0.00  0.00  
0.00  1.00  0.00  0.00  0.00  
0.00  1.00  0.00  0.00  0.00  
0.00  1.00  0.00  0.00  0.00  
0.00  1.00  0.00  0.00  0.00  
0.00  1.00  0.00  0.00  0.00  
0.00  1.00  0.00  0.00  0.00  
0.00  1.00  0.00  0.00  0.00  
0.00  1.00  0.00  0.00  0.00  
0.00  1.00  0.00  0.00  0.00  
0.00  1.00  0.00  0.00  0.00  
-9999.00  -9999.00  -9999.00  -9999.00  -9999.00  
0.00  1.00  0.00  0.00  0.00  
0.00  1.00  0.00  0.00  0.00  
0.00  1.00  0.00  0.00  0.00  
0.00  1.00  0.00  0.00  0.00  
0.00  1.00  0.00  0.00  0.00  
0.00  1.00  0.00  0.00  0.00  
0.00  1.00  0.00  0.00  0.00  
0.00  1.00  0.00  0.00  0.00  
0.00  1.00  0.00  0.00  0.00  
0.00  1.00  0.00  0.00  0.00  
0.00  1.00  0.00  0.00  0.00  
0.00  1.00  0.00  0.00  0.00  
0.00  1.00  0.00  0.00  0.00  
0.00  1.00  0.00  0.00  0.00  
0.00  1.00  0.00  0.00  0.00  
0.00  1.00  0.00  0.00  0.00  
0.00  1.00  0.00  0.00  0.00  
-9999.00  -9999.00  -9999.00  -9999.00  -9999.00  
0.00  1.00  0.00  0.00  0.00  
0.00  1.00  0.00  0.00  0.00  
0.00  1.00  0.00  0.00  0.00  
0.00  1.00  0.00  0.00  0.00  
0.00  1.00  0.00  0.00  0.00  
0.00  1.00  0.00  0.00  0.00  
0.00  1.00  0.00  0.00  0.00  
0.00  1.00  0.00  0.00  0.00  
0.00  1.00  0.00  0.00  0.00  
0.00  1.00  0.00  0.00  0.00  
0.00  1.00  0.00  0.00  0.00  
0.00  1.00  0.00  0.00  0.00  
0.00  1.00  0.00  0.00  0.00  
0.00  1.00  0.00  0.00  0.00  
0.00  1.00  0.00  0.00  0.00  
0.00  1.00  0.00  0.00  0.00  
0.00  1.00  0.00  0.00  0.00  
0.00  1.00  0.00  0.00  0.00  
0.00  1.00  0.00  0.00  0.00  
-9999.00  -9999.00  -9999.00  -9999.00  -9999.00  
0.00  1.00  0.00  0.00  0.00  
0.00  1.00  0.00  0.00  0.00  
0.00  1.00  0.00  0.00  0.00  
0.00  1.00  0.00  0.00  0.00  
0.00  1.00  0.00  0.00  0.00  
0.00  1.00  0.00  0.00  0.00  
0.00  1.00  0.00  0.00  0.00  
0.00  1.00  0.00  0.00  0.00  
0.00  1.00  0.00  0.00  0.00  
0.00  1.00  0.00  0.00  0.00  
0.00  1.00  0.00  0.00  0.00  
0.00  1.00  0.00  0.00  0.00  
0.00  1.00  0.00  0.00  0.00  
0.00  1.00  0.00  0.00  0.00  
0.00  1.00  0.00  0.00  0.00  
0.00  1.00  0.00  0.00  0.00  
0.00  1.00  0.00  0.00  0.00  
0.00  1.00  0.00  0.00  0.00  
0.00  1.00  0.00  0.00  0.00  
-9999.00  -9999.00  -9999.00  -9999.00  -9999.00  
0.00  1.00  0.00  0.00  0.00  
0.00  1.00  0.00  0.00  0.00  
0.00  1.00  0.00  0.00  0.00  
0.00  1.00  0.00  0.00  0.00  
0.00  1.00  0.00  0.00  0.00  
0.00  1.00  0.00  0.00  0.00  
0.00  1.00  0.00  0.00  0.00  
0.00  1.00  0.00  0.00  0.00  
0.00  1.00  0.00  0.00  0.00  
0.00  1.00  0.00  0.00  0.00  
0.00  1.00  0.00  0.00  0.00  
0.00  1.00  0.00  0.00  0.00  
0.00  1.00  0.00  0.00  0.00  
0.00  1.00  0.00  0.00  0.00  
0.00  1.00  0.00  0.00  0.00  
-9999.00  -9999.00  -9999.00  -9999.00  -9999.00  
0.00  1.00  0.00  0.00  0.00  
0.00  1.00  0.00  0.00  0.00  
0.00  1.00  0.00  0.00  0.00  
0.00  1.00  0.00  0.00  0.00  
0.00  1.00  0.00  0.00  0.00  
0.00  1.00  0.00  0.00  0.00  
0.00  1.00  0.00  0.00  0.00  
0.00  1.00  0.00  0.00  0.00  
0.00  1.00  0.00  0.00  0.00  
0.00  1.00  0.00  0.00  0.00  
0.00  1.00  0.00  0.00  0.00  
-9999.00  -9999.00  -9999.00  -9999.00  -9999.00  
0.00  1.00  0.00  0.00  0.00  
0.00  1.00  0.00  0.00  0.00  
0.00  1.00  0.00  0.00  0.00  
0.00  1.00  0.00  0.00  0.00  
0.00  1.00  0.00  0.00  0.00  
0.00  1.00  0.00  0.00  0.00  
0.00  1.00  0.00  0.00  0.00  
0.00  1.00  0.00  0.00  0.00  
0.00  1.00  0.00  0.00  0.00  
0.00  1.00  0.00  0.00  0.00  
0.00  1.00  0.00  0.00  0.00  
0.00  1.00  0.00  0.00  0.00  
-9999.00  -9999.00  -9999.00  -9999.00  -9999.00  
0.00  1.00  0.00  0.00  0.00  
0.00  1.00  0.00  0.00  0.00  
0.00  1.00  0.00  0.00  0.00  
0.00  1.00  0.00  0.00  0.00  
0.00  1.00  0.00  0.00  0.00  
0.00  1.00  0.00  0.00  0.00  
0.00  1.00  0.00  0.00  0.00  
0.00  1.00  0.00  0.00  0.00  
0.00  1.00  0.00  0.00  0.00  
0.00  1.00  0.00  0.00  0.00  
0.00  1.00  0.00  0.00  0.00  
0.00  1.00  0.00  0.00  0.00  
-9999.00  -9999.00  -9999.00  -9999.00  -9999.00  
0.00  1.00  0.00  0.00  0.00  
0.00  1.00  0.00  0.00  0.00  
0.00  1.00  0.00  0.00  0.00  
0.00  1.00  0.00  0.00  0.00  
0.00  1.00  0.00  0.00  0.00  
0.00  1.00  0.00  0.00  0.00  
0.00  1.00  0.00  0.00  0.00  
0.00  1.00  0.00  0.00  0.00  
0.00  1.00  0.00  0.00  0.00  
0.00  1.00  0.00  0.00  0.00  
0.00  1.00  0.00  0.00  0.00  
0.00  1.00  0.00  0.00  0.00  
0.00  1.00  0.00  0.00  0.00  
0.00  1.00  0.00  0.00  0.00  
0.00  1.00  0.00  0.00  0.00  
0.00  1.00  0.00  0.00  0.00  
0.00  1.00  0.00  0.00  0.00  
0.00  1.00  0.00  0.00  0.00  
0.00  1.00  0.00  0.00  0.00  
0.00  1.00  0.00  0.00  0.00  
-9999.00  -9999.00  -9999.00  -9999.00  -9999.00  
0.00  1.00  0.00  0.00  0.00  
0.00  1.00  0.00  0.00  0.00  
0.00  1.00  0.00  0.00  0.00  
0.00  1.00  0.00  0.00  0.00  
0.00  1.00  0.00  0.00  0.00  
0.00  1.00  0.00  0.00  0.00  
0.00  1.00  0.00  0.00  0.00  
0.00  1.00  0.00  0.00  0.00  
0.00  1.00  0.00  0.00  0.00  
0.00  1.00  0.00  0.00  0.00  
0.00  1.00  0.00  0.00  0.00  
0.00  1.00  0.00  0.00  0.00  
-9999.00  -9999.00  -9999.00  -9999.00  -9999.00  
0.00  1.00  0.00  0.00  0.00  
0.00  1.00  0.00  0.00  0.00  
0.00  1.00  0.00  0.00  0.00  
0.00  1.00  0.00  0.00  0.00  
0.00  1.00  0.00  0.00  0.00  
0.00  1.00  0.00  0.00  0.00  
0.00  1.00  0.00  0.00  0.00  
0.00  1.00  0.00  0.00  0.00  
0.00  1.00  0.00  0.00  0.00  
0.00  1.00  0.00  0.00  0.00  
0.00  1.00  0.00  0.00  0.00  
0.00  1.00  0.00  0.00  0.00  
-9999.00  -9999.00  -9999.00  -9999.00  -9999.00  
0.00  1.00  0.00  0.00  0.00  
0.00  1.00  0.00  0.00  0.00  
0.00  1.00  0.00  0.00  0.00  
0.00  1.00  0.00  0.00  0.00  
0.00  1.00  0.00  0.00  0.00  
0.00  1.00  0.00  0.00  0.00  
0.00  1.00  0.00  0.00  0.00  
0.00  1.00  0.00  0.00  0.00  
0.00  1.00  0.00  0.00  0.00  
0.00  1.00  0.00  0.00  0.00  
0.00  1.00  0.00  0.00  0.00  
0.00  1.00  0.00  0.00  0.00  
0.00  1.00  0.00  0.00  0.00  
0.00  1.00  0.00  0.00  0.00  
0.00  1.00  0.00  0.00  0.00  
0.00  1.00  0.00  0.00  0.00  
0.00  1.00  0.00  0.00  0.00  
0.00  1.00  0.00  0.00  0.00  
0.00  1.00  0.00  0.00  0.00  
-9999.00  -9999.00  -9999.00  -9999.00  -9999.00  
0.00  1.00  0.00  0.00  0.00  
0.00  1.00  0.00  0.00  0.00  
0.00  1.00  0.00  0.00  0.00  
0.00  1.00  0.00  0.00  0.00  
0.00  1.00  0.00  0.00  0.00  
0.00  1.00  0.00  0.00  0.00  
0.00  1.00  0.00  0.00  0.00  
0.00  1.00  0.00  0.00  0.00  
0.00  1.00  0.00  0.00  0.00  
0.00  1.00  0.00  0.00  0.00  
0.00  1.00  0.00  0.00  0.00  
0.00  1.00  0.00  0.00  0.00  
-9999.00  -9999.00  -9999.00  -9999.00  -9999.00  
0.00  1.00  0.00  0.00  0.00  
0.00  1.00  0.00  0.00  0.00  
0.00  1.00  0.00  0.00  0.00  
0.00  1.00  0.00  0.00  0.00  
0.00  1.00  0.00  0.00  0.00  
0.00  1.00  0.00  0.00  0.00  
0.00  1.00  0.00  0.00  0.00  
0.00  1.00  0.00  0.00  0.00  
0.00  1.00  0.00  0.00  0.00  
0.00  1.00  0.00  0.00  0.00  
0.00  1.00  0.00  0.00  0.00  
-9999.00  -9999.00  -9999.00  -9999.00  -9999.00  
0.00  1.00  0.00  0.00  0.00  
0.00  1.00  0.00  0.00  0.00  
0.00  1.00  0.00  0.00  0.00  
0.00  1.00  0.00  0.00  0.00  
0.00  1.00  0.00  0.00  0.00  
0.00  1.00  0.00  0.00  0.00  
0.00  1.00  0.00  0.00  0.00  
0.00  1.00  0.00  0.00  0.00  
0.00  1.00  0.00  0.00  0.00  
0.00  1.00  0.00  0.00  0.00  
0.00  1.00  0.00  0.00  0.00  
0.00  1.00  0.00  0.00  0.00  
0.00  1.00  0.00  0.00  0.00  
0.00  1.00  0.00  0.00  0.00  
0.00  1.00  0.00  0.00  0.00  
0.00  1.00  0.00  0.00  0.00  
-9999.00  -9999.00  -9999.00  -9999.00  -9999.00  
0.00  1.00  0.00  0.00  0.00  
0.00  1.00  0.00  0.00  0.00  
0.00  1.00  0.00  0.00  0.00  
0.00  1.00  0.00  0.00  0.00  
0.00  1.00  0.00  0.00  0.00  
0.00  1.00  0.00  0.00  0.00  
0.00  1.00  0.00  0.00  0.00  
0.00  1.00  0.00  0.00  0.00  
0.00  1.00  0.00  0.00  0.00  
0.00  1.00  0.00  0.00  0.00  
0.00  1.00  0.00  0.00  0.00  
-9999.00  -9999.00  -9999.00  -9999.00  -9999.00  
0.00  1.00  0.00  0.00  0.00  
0.00  1.00  0.00  0.00  0.00  
0.00  1.00  0.00  0.00  0.00  
0.00  1.00  0.00  0.00  0.00  
0.00  1.00  0.00  0.00  0.00  
0.00  1.00  0.00  0.00  0.00  
0.00  1.00  0.00  0.00  0.00  
0.00  1.00  0.00  0.00  0.00  
0.00  1.00  0.00  0.00  0.00  
0.00  1.00  0.00  0.00  0.00  
0.00  1.00  0.00  0.00  0.00  
-9999.00  -9999.00  -9999.00  -9999.00  -9999.00  
0.00  1.00  0.00  0.00  0.00  
0.00  1.00  0.00  0.00  0.00  
0.00  1.00  0.00  0.00  0.00  
0.00  1.00  0.00  0.00  0.00  
0.00  1.00  0.00  0.00  0.00  
0.00  1.00  0.00  0.00  0.00  
0.00  1.00  0.00  0.00  0.00  
0.00  1.00  0.00  0.00  0.00  
0.00  1.00  0.00  0.00  0.00  
0.00  1.00  0.00  0.00  0.00  
0.00  1.00  0.00  0.00  0.00  
0.00  1.00  0.00  0.00  0.00  
0.00  1.00  0.00  0.00  0.00  
0.00  1.00  0.00  0.00  0.00  
-9999.00  -9999.00  -9999.00  -9999.00  -9999.00  
0.00  1.00  0.00  0.00  0.00  
0.00  1.00  0.00  0.00  0.00  
0.00  1.00  0.00  0.00  0.00  
0.00  1.00  0.00  0.00  0.00  
0.00  1.00  0.00  0.00  0.00  
0.00  1.00  0.00  0.00  0.00  
0.00  1.00  0.00  0.00  0.00  
0.00  1.00  0.00  0.00  0.00  
0.00  1.00  0.00  0.00  0.00  
0.00  1.00  0.00  0.00  0.00  
0.00  1.00  0.00  0.00  0.00  
0.00  1.00  0.00  0.00  0.00  
-9999.00  -9999.00  -9999.00  -9999.00  -9999.00  
0.00  1.00  0.00  0.00  0.00  
0.00  1.00  0.00  0.00  0.00  
0.00  1.00  0.00  0.00  0.00  
0.00  1.00  0.00  0.00  0.00  
0.00  1.00  0.00  0.00  0.00  
0.00  1.00  0.00  0.00  0.00  
0.00  1.00  0.00  0.00  0.00  
0.00  1.00  0.00  0.00  0.00  
0.00  1.00  0.00  0.00  0.00  
0.00  1.00  0.00  0.00  0.00  
0.00  1.00  0.00  0.00  0.00  
-9999.00  -9999.00  -9999.00  -9999.00  -9999.00  
0.00  1.00  0.00  0.00  0.00  
0.00  1.00  0.00  0.00  0.00  
0.00  1.00  0.00  0.00  0.00  
0.00  1.00  0.00  0.00  0.00  
0.00  1.00  0.00  0.00  0.00  
0.00  1.00  0.00  0.00  0.00  
0.00  1.00  0.00  0.00  0.00  
0.00  1.00  0.00  0.00  0.00  
0.00  1.00  0.00  0.00  0.00  
0.00  1.00  0.00  0.00  0.00  
0.00  1.00  0.00  0.00  0.00  
-9999.00  -9999.00  -9999.00  -9999.00  -9999.00  
0.00  1.00  0.00  0.00  0.00  
0.00  1.00  0.00  0.00  0.00  
0.00  1.00  0.00  0.00  0.00  
0.00  1.00  0.00  0.00  0.00  
0.00  1.00  0.00  0.00  0.00  
0.00  1.00  0.00  0.00  0.00  
0.00  1.00  0.00  0.00  0.00  
0.00  1.00  0.00  0.00  0.00  
0.00  1.00  0.00  0.00  0.00  
0.00  1.00  0.00  0.00  0.00  
0.00  1.00  0.00  0.00  0.00  
0.00  1.00  0.00  0.00  0.00  
-9999.00  -9999.00  -9999.00  -9999.00  -9999.00  
0.00  1.00  0.00  0.00  0.00  
0.00  1.00  0.00  0.00  0.00  
0.00  1.00  0.00  0.00  0.00  
0.00  1.00  0.00  0.00  0.00  
0.00  1.00  0.00  0.00  0.00  
0.00  1.00  0.00  0.00  0.00  
0.00  1.00  0.00  0.00  0.00  
0.00  1.00  0.00  0.00  0.00  
0.00  1.00  0.00  0.00  0.00  
0.00  1.00  0.00  0.00  0.00  
0.00  1.00  0.00  0.00  0.00  
0.00  1.00  0.00  0.00  0.00  
0.00  1.00  0.00  0.00  0.00  
0.00  1.00  0.00  0.00  0.00  
-9999.00  -9999.00  -9999.00  -9999.00  -9999.00  
0.00  1.00  0.00  0.00  0.00  
0.00  1.00  0.00  0.00  0.00  
0.00  1.00  0.00  0.00  0.00  
0.00  1.00  0.00  0.00  0.00  
0.00  1.00  0.00  0.00  0.00  
0.00  1.00  0.00  0.00  0.00  
0.00  1.00  0.00  0.00  0.00  
0.00  1.00  0.00  0.00  0.00  
0.00  1.00  0.00  0.00  0.00  
0.00  1.00  0.00  0.00  0.00  
0.00  1.00  0.00  0.00  0.00  
0.00  1.00  0.00  0.00  0.00  
-9999.00  -9999.00  -9999.00  -9999.00  -9999.00  
0.00  1.00  0.00  0.00  0.00  
0.00  1.00  0.00  0.00  0.00  
0.00  1.00  0.00  0.00  0.00  
0.00  1.00  0.00  0.00  0.00  
0.00  1.00  0.00  0.00  0.00  
0.00  1.00  0.00  0.00  0.00  
0.00  1.00  0.00  0.00  0.00  
0.00  1.00  0.00  0.00  0.00  
0.00  1.00  0.00  0.00  0.00  
0.00  1.00  0.00  0.00  0.00  
0.00  1.00  0.00  0.00  0.00  
0.00  1.00  0.00  0.00  0.00  
0.00  1.00  0.00  0.00  0.00  
0.00  1.00  0.00  0.00  0.00  
0.00  1.00  0.00  0.00  0.00  
0.00  1.00  0.00  0.00  0.00  
0.00  1.00  0.00  0.00  0.00  
0.00  1.00  0.00  0.00  0.00  
-9999.00  -9999.00  -9999.00  -9999.00  -9999.00  
0.00  1.00  0.00  0.00  0.00  
0.00  1.00  0.00  0.00  0.00  
0.00  1.00  0.00  0.00  0.00  
0.00  1.00  0.00  0.00  0.00  
0.00  1.00  0.00  0.00  0.00  
0.00  1.00  0.00  0.00  0.00  
0.00  1.00  0.00  0.00  0.00  
0.00  1.00  0.00  0.00  0.00  
0.00  1.00  0.00  0.00  0.00  
0.00  1.00  0.00  0.00  0.00  
0.00  1.00  0.00  0.00  0.00  
0.00  1.00  0.00  0.00  0.00  
-9999.00  -9999.00  -9999.00  -9999.00  -9999.00  
0.00  1.00  0.00  0.00  0.00  
0.00  1.00  0.00  0.00  0.00  
0.00  1.00  0.00  0.00  0.00  
0.00  1.00  0.00  0.00  0.00  
0.00  1.00  0.00  0.00  0.00  
0.00  1.00  0.00  0.00  0.00  
0.00  1.00  0.00  0.00  0.00  
0.00  1.00  0.00  0.00  0.00  
0.00  1.00  0.00  0.00  0.00  
0.00  1.00  0.00  0.00  0.00  
0.00  1.00  0.00  0.00  0.00  
0.00  1.00  0.00  0.00  0.00  
0.00  1.00  0.00  0.00  0.00  
0.00  1.00  0.00  0.00  0.00  
0.00  1.00  0.00  0.00  0.00  
0.00  1.00  0.00  0.00  0.00  
0.00  1.00  0.00  0.00  0.00  
0.00  1.00  0.00  0.00  0.00  
-9999.00  -9999.00  -9999.00  -9999.00  -9999.00  
0.00  1.00  0.00  0.00  0.00  
0.00  1.00  0.00  0.00  0.00  
0.00  1.00  0.00  0.00  0.00  
0.00  1.00  0.00  0.00  0.00  
0.00  1.00  0.00  0.00  0.00  
0.00  1.00  0.00  0.00  0.00  
0.00  1.00  0.00  0.00  0.00  
0.00  1.00  0.00  0.00  0.00  
0.00  1.00  0.00  0.00  0.00  
0.00  1.00  0.00  0.00  0.00  
0.00  1.00  0.00  0.00  0.00  
0.00  1.00  0.00  0.00  0.00  
0.00  1.00  0.00  0.00  0.00  
0.00  1.00  0.00  0.00  0.00  
0.00  1.00  0.00  0.00  0.00  
-9999.00  -9999.00  -9999.00  -9999.00  -9999.00  
0.00  1.00  0.00  0.00  0.00  
0.00  1.00  0.00  0.00  0.00  
0.00  1.00  0.00  0.00  0.00  
0.00  1.00  0.00  0.00  0.00  
0.00  1.00  0.00  0.00  0.00  
0.00  1.00  0.00  0.00  0.00  
0.00  1.00  0.00  0.00  0.00  
0.00  1.00  0.00  0.00  0.00  
0.00  1.00  0.00  0.00  0.00  
0.00  1.00  0.00  0.00  0.00  
0.00  1.00  0.00  0.00  0.00  
-9999.00  -9999.00  -9999.00  -9999.00  -9999.00  
0.00  1.00  0.00  0.00  0.00  
0.00  1.00  0.00  0.00  0.00  
0.00  1.00  0.00  0.00  0.00  
0.00  1.00  0.00  0.00  0.00  
0.00  1.00  0.00  0.00  0.00  
0.00  1.00  0.00  0.00  0.00  
0.00  1.00  0.00  0.00  0.00  
0.00  1.00  0.00  0.00  0.00  
0.00  1.00  0.00  0.00  0.00  
0.00  1.00  0.00  0.00  0.00  
-9999.00  -9999.00  -9999.00  -9999.00  -9999.00  
0.00  1.00  0.00  0.00  0.00  
0.00  1.00  0.00  0.00  0.00  
0.00  1.00  0.00  0.00  0.00  
0.00  1.00  0.00  0.00  0.00  
0.00  1.00  0.00  0.00  0.00  
0.00  1.00  0.00  0.00  0.00  
0.00  1.00  0.00  0.00  0.00  
0.00  1.00  0.00  0.00  0.00  
0.00  1.00  0.00  0.00  0.00  
0.00  1.00  0.00  0.00  0.00  
0.00  1.00  0.00  0.00  0.00  
-9999.00  -9999.00  -9999.00  -9999.00  -9999.00  
0.00  1.00  0.00  0.00  0.00  
0.00  1.00  0.00  0.00  0.00  
0.00  1.00  0.00  0.00  0.00  
0.00  1.00  0.00  0.00  0.00  
0.00  1.00  0.00  0.00  0.00  
0.00  1.00  0.00  0.00  0.00  
0.00  1.00  0.00  0.00  0.00  
0.00  1.00  0.00  0.00  0.00  
0.00  1.00  0.00  0.00  0.00  
0.00  1.00  0.00  0.00  0.00  
0.00  1.00  0.00  0.00  0.00  
-9999.00  -9999.00  -9999.00  -9999.00  -9999.00  
0.00  1.00  0.00  0.00  0.00  
0.00  1.00  0.00  0.00  0.00  
0.00  1.00  0.00  0.00  0.00  
0.00  1.00  0.00  0.00  0.00  
0.00  1.00  0.00  0.00  0.00  
0.00  1.00  0.00  0.00  0.00  
0.00  1.00  0.00  0.00  0.00  
0.00  1.00  0.00  0.00  0.00  
0.00  1.00  0.00  0.00  0.00  
0.00  1.00  0.00  0.00  0.00  
0.00  1.00  0.00  0.00  0.00  
0.00  1.00  0.00  0.00  0.00  
0.00  1.00  0.00  0.00  0.00  
0.00  1.00  0.00  0.00  0.00  
-9999.00  -9999.00  -9999.00  -9999.00  -9999.00  
0.00  1.00  0.00  0.00  0.00  
0.00  1.00  0.00  0.00  0.00  
0.00  1.00  0.00  0.00  0.00  
0.00  1.00  0.00  0.00  0.00  
0.00  1.00  0.00  0.00  0.00  
0.00  1.00  0.00  0.00  0.00  
0.00  1.00  0.00  0.00  0.00  
0.00  1.00  0.00  0.00  0.00  
0.00  1.00  0.00  0.00  0.00  
0.00  1.00  0.00  0.00  0.00  
0.00  1.00  0.00  0.00  0.00  
0.00  1.00  0.00  0.00  0.00  
0.00  1.00  0.00  0.00  0.00  
0.00  1.00  0.00  0.00  0.00  
0.00  1.00  0.00  0.00  0.00  
0.00  1.00  0.00  0.00  0.00  
-9999.00  -9999.00  -9999.00  -9999.00  -9999.00  
0.00  1.00  0.00  0.00  0.00  
0.00  1.00  0.00  0.00  0.00  
0.00  1.00  0.00  0.00  0.00  
0.00  1.00  0.00  0.00  0.00  
0.00  1.00  0.00  0.00  0.00  
0.00  1.00  0.00  0.00  0.00  
0.00  1.00  0.00  0.00  0.00  
0.00  1.00  0.00  0.00  0.00  
0.00  1.00  0.00  0.00  0.00  
0.00  1.00  0.00  0.00  0.00  
0.00  1.00  0.00  0.00  0.00  
0.00  1.00  0.00  0.00  0.00  
0.00  1.00  0.00  0.00  0.00  
-9999.00  -9999.00  -9999.00  -9999.00  -9999.00  
0.00  1.00  0.00  0.00  0.00  
0.00  1.00  0.00  0.00  0.00  
0.00  1.00  0.00  0.00  0.00  
0.00  1.00  0.00  0.00  0.00  
0.00  1.00  0.00  0.00  0.00  
0.00  1.00  0.00  0.00  0.00  
0.00  1.00  0.00  0.00  0.00  
0.00  1.00  0.00  0.00  0.00  
0.00  1.00  0.00  0.00  0.00  
0.00  1.00  0.00  0.00  0.00  
0.00  1.00  0.00  0.00  0.00  
0.00  1.00  0.00  0.00  0.00  
0.00  1.00  0.00  0.00  0.00  
-9999.00  -9999.00  -9999.00  -9999.00  -9999.00  
0.00  1.00  0.00  0.00  0.00  
0.00  1.00  0.00  0.00  0.00  
0.00  1.00  0.00  0.00  0.00  
0.00  1.00  0.00  0.00  0.00  
0.00  1.00  0.00  0.00  0.00  
0.00  1.00  0.00  0.00  0.00  
0.00  1.00  0.00  0.00  0.00  
0.00  1.00  0.00  0.00  0.00  
0.00  1.00  0.00  0.00  0.00  
0.00  1.00  0.00  0.00  0.00  
0.00  1.00  0.00  0.00  0.00  
0.00  1.00  0.00  0.00  0.00  
0.00  1.00  0.00  0.00  0.00  
0.00  1.00  0.00  0.00  0.00  
0.00  1.00  0.00  0.00  0.00  
0.00  1.00  0.00  0.00  0.00  
0.00  1.00  0.00  0.00  0.00  
0.00  1.00  0.00  0.00  0.00  
0.00  1.00  0.00  0.00  0.00  
0.00  1.00  0.00  0.00  0.00  
-9999.00  -9999.00  -9999.00  -9999.00  -9999.00  
0.00  1.00  0.00  0.00  0.00  
0.00  1.00  0.00  0.00  0.00  
0.00  1.00  0.00  0.00  0.00  
0.00  1.00  0.00  0.00  0.00  
0.00  1.00  0.00  0.00  0.00  
0.00  1.00  0.00  0.00  0.00  
0.00  1.00  0.00  0.00  0.00  
0.00  1.00  0.00  0.00  0.00  
0.00  1.00  0.00  0.00  0.00  
0.00  1.00  0.00  0.00  0.00  
0.00  1.00  0.00  0.00  0.00  
0.00  1.00  0.00  0.00  0.00  
0.00  1.00  0.00  0.00  0.00  
0.00  1.00  0.00  0.00  0.00  
0.00  1.00  0.00  0.00  0.00  
0.00  1.00  0.00  0.00  0.00  
0.00  1.00  0.00  0.00  0.00  
0.00  1.00  0.00  0.00  0.00  
-9999.00  -9999.00  -9999.00  -9999.00  -9999.00  
0.00  1.00  0.00  0.00  0.00  
0.00  1.00  0.00  0.00  0.00  
0.00  1.00  0.00  0.00  0.00  
0.00  1.00  0.00  0.00  0.00  
0.00  1.00  0.00  0.00  0.00  
0.00  1.00  0.00  0.00  0.00  
0.00  1.00  0.00  0.00  0.00  
0.00  1.00  0.00  0.00  0.00  
0.00  1.00  0.00  0.00  0.00  
0.00  1.00  0.00  0.00  0.00  
0.00  1.00  0.00  0.00  0.00  
0.00  1.00  0.00  0.00  0.00  
0.00  1.00  0.00  0.00  0.00  
0.00  1.00  0.00  0.00  0.00  
-9999.00  -9999.00  -9999.00  -9999.00  -9999.00  
0.00  1.00  0.00  0.00  0.00  
0.00  1.00  0.00  0.00  0.00  
0.00  1.00  0.00  0.00  0.00  
0.00  1.00  0.00  0.00  0.00  
0.00  1.00  0.00  0.00  0.00  
0.00  1.00  0.00  0.00  0.00  
0.00  1.00  0.00  0.00  0.00  
0.00  1.00  0.00  0.00  0.00  
0.00  1.00  0.00  0.00  0.00  
0.00  1.00  0.00  0.00  0.00  
0.00  1.00  0.00  0.00  0.00  
-9999.00  -9999.00  -9999.00  -9999.00  -9999.00  
0.00  1.00  0.00  0.00  0.00  
0.00  1.00  0.00  0.00  0.00  
0.00  1.00  0.00  0.00  0.00  
0.00  1.00  0.00  0.00  0.00  
0.00  1.00  0.00  0.00  0.00  
0.00  1.00  0.00  0.00  0.00  
0.00  1.00  0.00  0.00  0.00  
0.00  1.00  0.00  0.00  0.00  
0.00  1.00  0.00  0.00  0.00  
0.00  1.00  0.00  0.00  0.00  
0.00  1.00  0.00  0.00  0.00  
0.00  1.00  0.00  0.00  0.00  
0.00  1.00  0.00  0.00  0.00  
0.00  1.00  0.00  0.00  0.00  
0.00  1.00  0.00  0.00  0.00  
0.00  1.00  0.00  0.00  0.00  
0.00  1.00  0.00  0.00  0.00  
0.00  1.00  0.00  0.00  0.00  
0.00  1.00  0.00  0.00  0.00  
0.00  1.00  0.00  0.00  0.00  
0.00  1.00  0.00  0.00  0.00  
-9999.00  -9999.00  -9999.00  -9999.00  -9999.00  
0.00  1.00  0.00  0.00  0.00  
0.00  1.00  0.00  0.00  0.00  
0.00  1.00  0.00  0.00  0.00  
0.00  1.00  0.00  0.00  0.00  
0.00  1.00  0.00  0.00  0.00  
0.00  1.00  0.00  0.00  0.00  
0.00  1.00  0.00  0.00  0.00  
0.00  1.00  0.00  0.00  0.00  
0.00  1.00  0.00  0.00  0.00  
0.00  1.00  0.00  0.00  0.00  
0.00  1.00  0.00  0.00  0.00  
0.00  1.00  0.00  0.00  0.00  
0.00  1.00  0.00  0.00  0.00  
0.00  1.00  0.00  0.00  0.00  
0.00  1.00  0.00  0.00  0.00  
-9999.00  -9999.00  -9999.00  -9999.00  -9999.00  
0.00  1.00  0.00  0.00  0.00  
0.00  1.00  0.00  0.00  0.00  
0.00  1.00  0.00  0.00  0.00  
0.00  1.00  0.00  0.00  0.00  
0.00  1.00  0.00  0.00  0.00  
0.00  1.00  0.00  0.00  0.00  
0.00  1.00  0.00  0.00  0.00  
0.00  1.00  0.00  0.00  0.00  
0.00  1.00  0.00  0.00  0.00  
0.00  1.00  0.00  0.00  0.00  
0.00  1.00  0.00  0.00  0.00  
0.00  1.00  0.00  0.00  0.00  
0.00  1.00  0.00  0.00  0.00  
0.00  1.00  0.00  0.00  0.00  
0.00  1.00  0.00  0.00  0.00  
0.00  1.00  0.00  0.00  0.00  
0.00  1.00  0.00  0.00  0.00  
0.00  1.00  0.00  0.00  0.00  
0.00  1.00  0.00  0.00  0.00  
-9999.00  -9999.00  -9999.00  -9999.00  -9999.00  
0.00  1.00  0.00  0.00  0.00  
0.00  1.00  0.00  0.00  0.00  
0.00  1.00  0.00  0.00  0.00  
0.00  1.00  0.00  0.00  0.00  
0.00  1.00  0.00  0.00  0.00  
0.00  1.00  0.00  0.00  0.00  
0.00  1.00  0.00  0.00  0.00  
0.00  1.00  0.00  0.00  0.00  
0.00  1.00  0.00  0.00  0.00  
0.00  1.00  0.00  0.00  0.00  
0.00  1.00  0.00  0.00  0.00  
-9999.00  -9999.00  -9999.00  -9999.00  -9999.00  
0.00  1.00  0.00  0.00  0.00  
0.00  1.00  0.00  0.00  0.00  
0.00  1.00  0.00  0.00  0.00  
0.00  1.00  0.00  0.00  0.00  
0.00  1.00  0.00  0.00  0.00  
0.00  1.00  0.00  0.00  0.00  
0.00  1.00  0.00  0.00  0.00  
0.00  1.00  0.00  0.00  0.00  
0.00  1.00  0.00  0.00  0.00  
0.00  1.00  0.00  0.00  0.00  
0.00  1.00  0.00  0.00  0.00  
0.00  1.00  0.00  0.00  0.00  
0.00  1.00  0.00  0.00  0.00  
0.00  1.00  0.00  0.00  0.00  
0.00  1.00  0.00  0.00  0.00  
0.00  1.00  0.00  0.00  0.00  
-9999.00  -9999.00  -9999.00  -9999.00  -9999.00  
0.00  1.00  0.00  0.00  0.00  
0.00  1.00  0.00  0.00  0.00  
0.00  1.00  0.00  0.00  0.00  
0.00  1.00  0.00  0.00  0.00  
0.00  1.00  0.00  0.00  0.00  
0.00  1.00  0.00  0.00  0.00  
0.00  1.00  0.00  0.00  0.00  
0.00  1.00  0.00  0.00  0.00  
0.00  1.00  0.00  0.00  0.00  
0.00  1.00  0.00  0.00  0.00  
0.00  1.00  0.00  0.00  0.00  
0.00  1.00  0.00  0.00  0.00  
0.00  1.00  0.00  0.00  0.00  
0.00  1.00  0.00  0.00  0.00  
0.00  1.00  0.00  0.00  0.00  
0.00  1.00  0.00  0.00  0.00  
0.00  1.00  0.00  0.00  0.00  
0.00  1.00  0.00  0.00  0.00  
0.00  1.00  0.00  0.00  0.00  
-9999.00  -9999.00  -9999.00  -9999.00  -9999.00  
0.00  1.00  0.00  0.00  0.00  
0.00  1.00  0.00  0.00  0.00  
0.00  1.00  0.00  0.00  0.00  
0.00  1.00  0.00  0.00  0.00  
0.00  1.00  0.00  0.00  0.00  
0.00  1.00  0.00  0.00  0.00  
0.00  1.00  0.00  0.00  0.00  
0.00  1.00  0.00  0.00  0.00  
0.00  1.00  0.00  0.00  0.00  
0.00  1.00  0.00  0.00  0.00  
0.00  1.00  0.00  0.00  0.00  
0.00  1.00  0.00  0.00  0.00  
0.00  1.00  0.00  0.00  0.00  
0.00  1.00  0.00  0.00  0.00  
0.00  1.00  0.00  0.00  0.00  
0.00  1.00  0.00  0.00  0.00  
0.00  1.00  0.00  0.00  0.00  
-9999.00  -9999.00  -9999.00  -9999.00  -9999.00  
0.00  1.00  0.00  0.00  0.00  
0.00  1.00  0.00  0.00  0.00  
0.00  1.00  0.00  0.00  0.00  
0.00  1.00  0.00  0.00  0.00  
0.00  1.00  0.00  0.00  0.00  
0.00  1.00  0.00  0.00  0.00  
0.00  1.00  0.00  0.00  0.00  
0.00  1.00  0.00  0.00  0.00  
0.00  1.00  0.00  0.00  0.00  
0.00  1.00  0.00  0.00  0.00  
0.00  1.00  0.00  0.00  0.00  
0.00  1.00  0.00  0.00  0.00  
0.00  1.00  0.00  0.00  0.00  
0.00  1.00  0.00  0.00  0.00  
0.00  1.00  0.00  0.00  0.00  
0.00  1.00  0.00  0.00  0.00  
0.00  1.00  0.00  0.00  0.00  
0.00  1.00  0.00  0.00  0.00  
-9999.00  -9999.00  -9999.00  -9999.00  -9999.00  
0.00  1.00  0.00  0.00  0.00  
0.00  1.00  0.00  0.00  0.00  
0.00  1.00  0.00  0.00  0.00  
0.00  1.00  0.00  0.00  0.00  
0.00  1.00  0.00  0.00  0.00  
0.00  1.00  0.00  0.00  0.00  
0.00  1.00  0.00  0.00  0.00  
0.00  1.00  0.00  0.00  0.00  
0.00  1.00  0.00  0.00  0.00  
0.00  1.00  0.00  0.00  0.00  
0.00  1.00  0.00  0.00  0.00  
0.00  1.00  0.00  0.00  0.00  
0.00  1.00  0.00  0.00  0.00  
0.00  1.00  0.00  0.00  0.00  
-9999.00  -9999.00  -9999.00  -9999.00  -9999.00  
0.00  1.00  0.00  0.00  0.00  
0.00  1.00  0.00  0.00  0.00  
0.00  1.00  0.00  0.00  0.00  
0.00  1.00  0.00  0.00  0.00  
0.00  1.00  0.00  0.00  0.00  
0.00  1.00  0.00  0.00  0.00  
0.00  1.00  0.00  0.00  0.00  
0.00  1.00  0.00  0.00  0.00  
0.00  1.00  0.00  0.00  0.00  
0.00  1.00  0.00  0.00  0.00  
0.00  1.00  0.00  0.00  0.00  
0.00  1.00  0.00  0.00  0.00  
0.00  1.00  0.00  0.00  0.00  
-9999.00  -9999.00  -9999.00  -9999.00  -9999.00  
0.00  1.00  0.00  0.00  0.00  
0.00  1.00  0.00  0.00  0.00  
0.00  1.00  0.00  0.00  0.00  
0.00  1.00  0.00  0.00  0.00  
0.00  1.00  0.00  0.00  0.00  
0.00  1.00  0.00  0.00  0.00  
0.00  1.00  0.00  0.00  0.00  
0.00  1.00  0.00  0.00  0.00  
0.00  1.00  0.00  0.00  0.00  
0.00  1.00  0.00  0.00  0.00  
0.00  1.00  0.00  0.00  0.00  
0.00  1.00  0.00  0.00  0.00  
0.00  1.00  0.00  0.00  0.00  
0.00  1.00  0.00  0.00  0.00  
0.00  1.00  0.00  0.00  0.00  
0.00  1.00  0.00  0.00  0.00  
0.00  1.00  0.00  0.00  0.00  
0.00  1.00  0.00  0.00  0.00  
-9999.00  -9999.00  -9999.00  -9999.00  -9999.00  
0.00  1.00  0.00  0.00  0.00  
0.00  1.00  0.00  0.00  0.00  
0.00  1.00  0.00  0.00  0.00  
0.00  1.00  0.00  0.00  0.00  
0.00  1.00  0.00  0.00  0.00  
0.00  1.00  0.00  0.00  0.00  
0.00  1.00  0.00  0.00  0.00  
0.00  1.00  0.00  0.00  0.00  
0.00  1.00  0.00  0.00  0.00  
0.00  1.00  0.00  0.00  0.00  
0.00  1.00  0.00  0.00  0.00  
0.00  1.00  0.00  0.00  0.00  
-9999.00  -9999.00  -9999.00  -9999.00  -9999.00  
0.00  1.00  0.00  0.00  0.00  
0.00  1.00  0.00  0.00  0.00  
0.00  1.00  0.00  0.00  0.00  
0.00  1.00  0.00  0.00  0.00  
0.00  1.00  0.00  0.00  0.00  
0.00  1.00  0.00  0.00  0.00  
0.00  1.00  0.00  0.00  0.00  
0.00  1.00  0.00  0.00  0.00  
0.00  1.00  0.00  0.00  0.00  
0.00  1.00  0.00  0.00  0.00  
0.00  1.00  0.00  0.00  0.00  
0.00  1.00  0.00  0.00  0.00  
0.00  1.00  0.00  0.00  0.00  
0.00  1.00  0.00  0.00  0.00  
-9999.00  -9999.00  -9999.00  -9999.00  -9999.00  
0.00  1.00  0.00  0.00  0.00  
0.00  1.00  0.00  0.00  0.00  
0.00  1.00  0.00  0.00  0.00  
0.00  1.00  0.00  0.00  0.00  
0.00  1.00  0.00  0.00  0.00  
0.00  1.00  0.00  0.00  0.00  
0.00  1.00  0.00  0.00  0.00  
0.00  1.00  0.00  0.00  0.00  
0.00  1.00  0.00  0.00  0.00  
0.00  1.00  0.00  0.00  0.00  
0.00  1.00  0.00  0.00  0.00  
-9999.00  -9999.00  -9999.00  -9999.00  -9999.00  
0.00  1.00  0.00  0.00  0.00  
0.00  1.00  0.00  0.00  0.00  
0.00  1.00  0.00  0.00  0.00  
0.00  1.00  0.00  0.00  0.00  
0.00  1.00  0.00  0.00  0.00  
0.00  1.00  0.00  0.00  0.00  
0.00  1.00  0.00  0.00  0.00  
0.00  1.00  0.00  0.00  0.00  
0.00  1.00  0.00  0.00  0.00  
0.00  1.00  0.00  0.00  0.00  
0.00  1.00  0.00  0.00  0.00  
0.00  1.00  0.00  0.00  0.00  
0.00  1.00  0.00  0.00  0.00  
0.00  1.00  0.00  0.00  0.00  
-9999.00  -9999.00  -9999.00  -9999.00  -9999.00  
0.00  1.00  0.00  0.00  0.00  
0.00  1.00  0.00  0.00  0.00  
0.00  1.00  0.00  0.00  0.00  
0.00  1.00  0.00  0.00  0.00  
0.00  1.00  0.00  0.00  0.00  
0.00  1.00  0.00  0.00  0.00  
0.00  1.00  0.00  0.00  0.00  
0.00  1.00  0.00  0.00  0.00  
0.00  1.00  0.00  0.00  0.00  
0.00  1.00  0.00  0.00  0.00  
0.00  1.00  0.00  0.00  0.00  
0.00  1.00  0.00  0.00  0.00  
0.00  1.00  0.00  0.00  0.00  
0.00  1.00  0.00  0.00  0.00  
0.00  1.00  0.00  0.00  0.00  
0.00  1.00  0.00  0.00  0.00  
0.00  1.00  0.00  0.00  0.00  
0.00  1.00  0.00  0.00  0.00  
0.00  1.00  0.00  0.00  0.00  
-9999.00  -9999.00  -9999.00  -9999.00  -9999.00  
0.00  1.00  0.00  0.00  0.00  
0.00  1.00  0.00  0.00  0.00  
0.00  1.00  0.00  0.00  0.00  
0.00  1.00  0.00  0.00  0.00  
0.00  1.00  0.00  0.00  0.00  
0.00  1.00  0.00  0.00  0.00  
0.00  1.00  0.00  0.00  0.00  
0.00  1.00  0.00  0.00  0.00  
0.00  1.00  0.00  0.00  0.00  
0.00  1.00  0.00  0.00  0.00  
0.00  1.00  0.00  0.00  0.00  
0.00  1.00  0.00  0.00  0.00  
-9999.00  -9999.00  -9999.00  -9999.00  -9999.00  
0.00  1.00  0.00  0.00  0.00  
0.00  1.00  0.00  0.00  0.00  
0.00  1.00  0.00  0.00  0.00  
0.00  1.00  0.00  0.00  0.00  
0.00  1.00  0.00  0.00  0.00  
0.00  1.00  0.00  0.00  0.00  
0.00  1.00  0.00  0.00  0.00  
0.00  1.00  0.00  0.00  0.00  
0.00  1.00  0.00  0.00  0.00  
0.00  1.00  0.00  0.00  0.00  
0.00  1.00  0.00  0.00  0.00  
0.00  1.00  0.00  0.00  0.00  
0.00  1.00  0.00  0.00  0.00  
0.00  1.00  0.00  0.00  0.00  
0.00  1.00  0.00  0.00  0.00  
0.00  1.00  0.00  0.00  0.00  
0.00  1.00  0.00  0.00  0.00  
0.00  1.00  0.00  0.00  0.00  
-9999.00  -9999.00  -9999.00  -9999.00  -9999.00  
0.00  1.00  0.00  0.00  0.00  
0.00  1.00  0.00  0.00  0.00  
0.00  1.00  0.00  0.00  0.00  
0.00  1.00  0.00  0.00  0.00  
0.00  1.00  0.00  0.00  0.00  
0.00  1.00  0.00  0.00  0.00  
0.00  1.00  0.00  0.00  0.00  
0.00  1.00  0.00  0.00  0.00  
0.00  1.00  0.00  0.00  0.00  
0.00  1.00  0.00  0.00  0.00  
-9999.00  -9999.00  -9999.00  -9999.00  -9999.00  
0.00  1.00  0.00  0.00  0.00  
0.00  1.00  0.00  0.00  0.00  
0.00  1.00  0.00  0.00  0.00  
0.00  1.00  0.00  0.00  0.00  
0.00  1.00  0.00  0.00  0.00  
0.00  1.00  0.00  0.00  0.00  
0.00  1.00  0.00  0.00  0.00  
0.00  1.00  0.00  0.00  0.00  
0.00  1.00  0.00  0.00  0.00  
0.00  1.00  0.00  0.00  0.00  
0.00  1.00  0.00  0.00  0.00  
-9999.00  -9999.00  -9999.00  -9999.00  -9999.00  
0.00  1.00  0.00  0.00  0.00  
0.00  1.00  0.00  0.00  0.00  
0.00  1.00  0.00  0.00  0.00  
0.00  1.00  0.00  0.00  0.00  
0.00  1.00  0.00  0.00  0.00  
0.00  1.00  0.00  0.00  0.00  
0.00  1.00  0.00  0.00  0.00  
0.00  1.00  0.00  0.00  0.00  
0.00  1.00  0.00  0.00  0.00  
0.00  1.00  0.00  0.00  0.00  
0.00  1.00  0.00  0.00  0.00  
-9999.00  -9999.00  -9999.00  -9999.00  -9999.00  
