33333
33333
44334
33333
05333
00110
00005
13336
10311
16662
16016
66666
16616
22222
02002
66152
55556
33333
43332
22232
33344
24522
55555
55555
22222
66664
66446
44555
33333
22233
22223
33332
24542
55555
55555
22222
66466
44444
11440
44222
33333
33334
44334
44444
11116
11111
64424
11114
11661
11111
66666
55440
05225
00555
33333
34442
33434
33333
00000
00101
00000
16365
16641
14666
16616
66660
66666
22222
66555
55555
22225
66666
11111
33333
24434
22223
33333
32434
22222
44414
44444
44060
44000
44666
44644
55550
55555
33333
22233
22233
22256
66666
66356
66666
53334
53331
50650
50050
00056
00000
44444
00111
11111
00001
44444
11111
33334
44244
22226
33335
22525
55555
55555
22222
66664
66440
44555
33333
43234
22233
33333
32434
44445
66111
46444
44000
46006
46666
44005
02552
55000
33333
44424
44442
33143
34232
44424
22255
22222
22666
22000
22000
22012
11112
11222
33333
43432
22325
33363
24425
55556
66664
55555
46634
66446
44222
33333
33333
44433
33333
03330
00100
00005
13335
16216
11111
55555
22222
66666
11111
22222
00000
66666
55222
33333
32622
22232
23222
33333
00000
66666
66636
00360
00666
26620
00050
45555
55555
15555
11111
11144
14444
44444
33333
43333
22232
33333
22625
55555
66666
55555
46444
66440
44000
33333
33333
44444
44444
11111
11111
66666
11112
46446
22111
22626
22666
26222
66666
44000
00000
44555
55555
55555
44444
00000
33333
23233
22223
33333
32622
22222
44444
44440
44665
46666
44044
55555
55444
33333
22424
44343
33333
34242
44444
22222
22222
22602
22000
22001
22002
11110
11666
33333
43423
44344
33333
34244
22222
11111
13030
10000
10000
10000
16666
55555
66666
16655
11111
11111
55555
22222
33333
23224
44334
33344
34232
22152
00255
20222
22666
20555
20020
22223
11111
33333
23242
22322
33333
22526
55555
52222
66666
55555
66443
44666
33333
33333
23222
33335
22522
55555
55555
22222
66404
44444
11445
44333
33333
43432
44344
33343
44122
11112
11111
44404
00000
22222
55222
22555
33333
33325
25645
22222
55550
55555
00025
66464
66666
55555
30330
00330
00556
00260
00000
44111
33333
44432
44434
44414
00355
00111
00004
44234
14244
13222
22022
22222
26262
26222
66666
11111
66666
16666
11111
33332
34441
43443
43333
33333
06666
11111
11111
66642
00220
22555
33333
33323
33233
33300
61616
66266
55555
66225
66634
62222
25424
54444
66446
00000
00000
44464
66666
11111
33333
33332
23232
33333
63661
66555
66666
22121
53304
00004
00404
44244
44665
44656
55555
65555
55554
44111
33333
44424
44444
33343
34244
22220
00005
20222
22662
20660
20042
22022
63112
11666
33333
33343
43444
33333
00330
00101
00005
16500
13116
16411
16664
66666
16111
22222
66556
22555
55555
22555
11111
33333
44435
44444
33333
44420
11111
11111
00000
20222
00221
22444
33333
33623
22333
22226
55555
55555
00024
55555
62221
66666
00621
66650
00000
33331
22666
66661
11444
33332
44434
22223
33333
32432
22422
44401
44444
44664
44000
44666
44644
55556
55666
33333
23422
22322
33333
24554
55555
55555
66666
44444
66440
44555
33333
44432
41333
55353
15555
12222
11114
11265
23465
26466
26666
66466
66666
00000
20000
26666
22444
44444
33333
23432
22335
33333
24544
55555
55555
22220
66466
66441
44444
33333
32322
33322
23232
33333
60030
55555
55555
00000
33334
00442
44111
33333
33343
44344
44444
44445
11111
66661
56666
55663
55542
55350
55565
55500
55501
01225
22222
33333
23234
44444
33343
42111
11111
11111
44444
00200
22222
55221
22333
33333
22224
44434
33130
44444
11111
11116
44444
00002
22222
55220
22000
33333
44432
22222
33333
32424
44444
55555
52635
56666
56666
56600
50055
05555
05550
00000
00011
11111
33333
33430
44331
44444
11111
11116
66602
00002
00006
11111
60616
66662
66116
66444
66662
22225
22222
33333
43234
44344
33401
34222
22022
11112
10346
10000
10001
10006
16666
55555
66666
16655
11111
11115
11666
22222
33333
43432
44444
33331
34244
22222
11111
13030
10000
10000
10005
16661
55555
66666
16666
11111
11111
66666
22222
33333
43233
22233
33322
32432
44515
66464
46444
44111
46643
00113
11101
44224
44446
55444
33333
44232
22322
33533
22525
55555
55555
66666
44464
66440
44111
33332
43242
22223
33222
22225
55555
55555
22222
66464
44444
11442
44111
33333
24432
22332
33333
44565
55555
55555
22222
66444
44444
11440
44333
33333
44441
44433
33332
34232
22202
11112
14336
10000
10000
10006
16666
55555
66666
16655
11111
11116
11666
66666
22222
33333
24434
22222
33232
22524
55555
55555
22222
66664
44444
11446
44000
33333
22332
22232
33333
25555
55565
66421
66660
46655
55454
46446
44555
33333
33034
43344
33333
00036
00100
00003
15555
16300
16614
16611
66660
22222
66261
55555
66666
22226
66555
11555
33333
43222
22222
33333
22524
55555
55555
22222
66464
44444
11442
44555
33333
23233
44344
33340
44102
11112
11111
44440
00222
00225
22666
33333
33333
22335
22222
55550
55555
00006
66666
66666
55533
06000
63366
60000
06666
00000
11110
33333
23232
51331
34444
33333
44422
11111
00000
20122
00220
22333
33333
44234
44343
33341
44144
11111
11111
44444
00000
06224
22444
33333
22434
22323
33332
32422
22244
44416
44444
44220
44060
44666
44554
55554
55000
33333
43433
44444
33333
44222
11111
11111
44444
00202
22222
55221
22222
33333
23332
51115
31111
34441
34444
36636
66666
55556
66666
66666
33333
22234
44343
33333
44141
11111
11111
44444
00222
06221
22000
33333
33323
22335
22222
55550
55555
00406
55555
55555
40301
44666
66444
33333
22433
22332
33355
32433
22442
44421
44444
44060
44666
44665
44544
55554
55000
33333
33333
43433
33444
42144
11111
11111
44444
00202
22222
55222
22555
33333
33333
23333
33333
66610
66565
55555
61116
66666
22234
00000
00000
33430
30654
16455
44666
00000
11111
33333
24442
44444
33121
44121
11111
11111
44444
00222
22222
50226
22666
33333
33622
33233
33333
66362
66566
55555
61236
66666
00000
00000
32236
33364
33305
13445
44444
33333
44444
33333
33333
22232
22222
55550
55555
00044
55256
55055
40006
40233
42262
40000
66666
44111
33343
23232
22222
33335
22225
55555
66666
55555
46444
66444
44333
33333
44444
44444
44443
41331
41116
11556
55555
11666
66222
33333
43434
22322
33323
32436
62462
66461
46446
44114
44446
55551
33333
22224
44434
33330
44444
11111
11111
44444
00202
00224
22333
33333
22244
44444
33333
34224
22222
00000
20202
22662
20660
20001
22341
36112
11666
33333
33334
44333
11411
44444
11111
33532
33532
55415
55050
00050
22252
52555
00505
00220
22000
33333
33343
43341
33331
34232
44244
22220
22222
22666
20006
22612
11110
11222
33333
23222
44344
33331
34030
44224
22255
22222
22602
20006
22622
11111
11111
33331
43433
44333
33333
34244
04244
11112
14430
10006
10000
10006
16665
55555
66666
16656
11111
11155
11666
66666
22222
33333
33332
22232
33333
66301
66660
55555
61116
66636
32350
33623
16660
54445
00000
00000
50005
00000
11111
33333
22422
44444
33323
34230
22121
00200
20222
22662
20666
20022
22301
33110
11333
33333
43232
44444
33433
44121
11111
11111
44444
00002
00224
22111
33333
22234
22232
32222
22520
22555
50050
00550
66004
00354
00000
40434
40420
42454
11414
44444
44444
11111
01100
11111
11111
33333
32635
22222
55555
22222
55555
33133
22136
11660
16661
12300
12222
66666
00004
11444
33322
43232
44444
33331
34233
22222
11111
13344
10000
10000
10066
16655
55555
66666
16666
11111
11111
11666
22222
33333
22433
44441
33342
44142
11111
11111
44444
00220
00226
22111
33333
33332
22323
22222
55555
55555
02442
55525
62224
66666
00006
66660
60002
00660
00006
11444
33333
43463
22232
22526
66501
66666
66666
53331
50330
50052
50050
50066
00000
44444
40111
11111
00001
44444
11555
33333
33532
22532
22222
55555
55500
55555
33304
00006
66566
52554
66666
34444
00444
55555
22222
11444
33333
33340
44314
14444
11111
43333
40106
46666
44111
44444
44444
55652
55006
00000
00255
55555
00000
22220
33333
33134
43433
33331
34232
44422
22266
22222
22066
22066
22011
22012
11111
11222
33333
43433
22323
32226
22222
25555
55555
00000
00000
55555
66664
66444
44666
33333
43234
22322
33325
32422
32231
22222
44444
44646
66666
22222
14144
00504
16010
00000
11111
66661
55116
33334
23234
15511
35552
25550
11111
11111
11110
02220
00200
20222
22444
33333
43432
44442
33323
34022
44424
22222
22222
22666
22002
22000
22002
11112
11000
33333
22244
22322
33333
22225
55555
55555
22222
66664
66440
44666
33333
23235
44443
33333
34203
22222
00200
20222
22666
20661
00000
22001
60116
11222
33333
33434
43433
33336
05002
00100
00350
13313
13336
14416
66646
66606
66666
22221
66555
55555
66666
22222
55111
33333
23233
22332
33333
24555
55555
55555
22220
66464
44444
11444
44555
33333
33443
44334
44444
11111
26512
11111
33636
51660
51414
50000
50111
56244
52222
52220
50660
66666
22555
33334
43203
44443
33311
34224
44424
22252
22211
22222
22111
33333
44433
22333
33435
24565
55556
55555
22222
66664
66442
44333
33333
44444
44443
33332
42444
11111
11111
44440
00202
06225
22444
