0.23  0.23  0.23  0.21  0.10  
0.25  0.25  0.25  0.20  0.04  
0.26  0.26  0.26  0.19  0.02  
0.27  0.27  0.27  0.17  0.01  
0.27  0.27  0.27  0.17  0.01  
0.28  0.28  0.28  0.16  0.00  
0.44  0.41  0.11  0.03  0.00  
0.44  0.42  0.11  0.03  0.00  
0.45  0.42  0.11  0.03  0.00  
0.51  0.45  0.03  0.00  0.00  
0.51  0.45  0.03  0.00  0.00  
0.51  0.45  0.03  0.00  0.00  
0.51  0.45  0.03  0.00  0.00  
0.51  0.45  0.03  0.00  0.00  
0.51  0.45  0.03  0.00  0.00  
0.51  0.45  0.03  0.00  0.00  
0.54  0.45  0.01  0.00  0.00  
-9999.00  -9999.00  -9999.00  -9999.00  -9999.00  
0.54  0.45  0.01  0.00  0.00  
0.56  0.44  0.00  0.00  0.00  
0.56  0.44  0.00  0.00  0.00  
0.56  0.44  0.00  0.00  0.00  
0.58  0.42  0.00  0.00  0.00  
0.58  0.42  0.00  0.00  0.00  
0.58  0.42  0.00  0.00  0.00  
0.59  0.41  0.00  0.00  0.00  
0.59  0.41  0.00  0.00  0.00  
0.59  0.41  0.00  0.00  0.00  
0.61  0.39  0.00  0.00  0.00  
-9999.00  -9999.00  -9999.00  -9999.00  -9999.00  
0.61  0.39  0.00  0.00  0.00  
0.61  0.39  0.00  0.00  0.00  
0.62  0.38  0.00  0.00  0.00  
0.62  0.38  0.00  0.00  0.00  
0.62  0.38  0.00  0.00  0.00  
0.62  0.38  0.00  0.00  0.00  
0.62  0.38  0.00  0.00  0.00  
0.62  0.38  0.00  0.00  0.00  
0.62  0.38  0.00  0.00  0.00  
0.62  0.38  0.00  0.00  0.00  
0.62  0.38  0.00  0.00  0.00  
0.62  0.38  0.00  0.00  0.00  
0.64  0.36  0.00  0.00  0.00  
-9999.00  -9999.00  -9999.00  -9999.00  -9999.00  
0.64  0.36  0.00  0.00  0.00  
0.64  0.36  0.00  0.00  0.00  
0.64  0.36  0.00  0.00  0.00  
0.64  0.36  0.00  0.00  0.00  
0.64  0.36  0.00  0.00  0.00  
0.64  0.36  0.00  0.00  0.00  
0.64  0.36  0.00  0.00  0.00  
0.65  0.35  0.00  0.00  0.00  
0.65  0.35  0.00  0.00  0.00  
0.65  0.35  0.00  0.00  0.00  
0.67  0.33  0.00  0.00  0.00  
0.67  0.33  0.00  0.00  0.00  
0.67  0.33  0.00  0.00  0.00  
0.67  0.33  0.00  0.00  0.00  
0.67  0.33  0.00  0.00  0.00  
0.67  0.33  0.00  0.00  0.00  
0.68  0.32  0.00  0.00  0.00  
-9999.00  -9999.00  -9999.00  -9999.00  -9999.00  
0.68  0.32  0.00  0.00  0.00  
0.68  0.32  0.00  0.00  0.00  
0.69  0.31  0.00  0.00  0.00  
0.69  0.31  0.00  0.00  0.00  
0.47  0.53  0.00  0.00  0.00  
0.47  0.53  0.00  0.00  0.00  
0.47  0.53  0.00  0.00  0.00  
0.47  0.53  0.00  0.00  0.00  
0.47  0.53  0.00  0.00  0.00  
0.47  0.53  0.00  0.00  0.00  
0.47  0.53  0.00  0.00  0.00  
0.47  0.53  0.00  0.00  0.00  
0.47  0.53  0.00  0.00  0.00  
0.48  0.52  0.00  0.00  0.00  
-9999.00  -9999.00  -9999.00  -9999.00  -9999.00  
0.48  0.52  0.00  0.00  0.00  
0.48  0.52  0.00  0.00  0.00  
0.50  0.50  0.00  0.00  0.00  
0.50  0.50  0.00  0.00  0.00  
0.50  0.50  0.00  0.00  0.00  
0.50  0.50  0.00  0.00  0.00  
0.50  0.50  0.00  0.00  0.00  
0.50  0.50  0.00  0.00  0.00  
0.50  0.50  0.00  0.00  0.00  
0.50  0.50  0.00  0.00  0.00  
0.51  0.49  0.00  0.00  0.00  
-9999.00  -9999.00  -9999.00  -9999.00  -9999.00  
0.51  0.49  0.00  0.00  0.00  
0.51  0.49  0.00  0.00  0.00  
0.51  0.49  0.00  0.00  0.00  
0.51  0.49  0.00  0.00  0.00  
0.51  0.49  0.00  0.00  0.00  
0.51  0.49  0.00  0.00  0.00  
0.51  0.49  0.00  0.00  0.00  
0.51  0.49  0.00  0.00  0.00  
0.51  0.49  0.00  0.00  0.00  
0.51  0.49  0.00  0.00  0.00  
0.51  0.49  0.00  0.00  0.00  
0.51  0.49  0.00  0.00  0.00  
0.51  0.49  0.00  0.00  0.00  
0.51  0.49  0.00  0.00  0.00  
0.53  0.47  0.00  0.00  0.00  
-9999.00  -9999.00  -9999.00  -9999.00  -9999.00  
0.53  0.47  0.00  0.00  0.00  
0.53  0.47  0.00  0.00  0.00  
0.53  0.47  0.00  0.00  0.00  
0.53  0.47  0.00  0.00  0.00  
0.53  0.47  0.00  0.00  0.00  
0.53  0.47  0.00  0.00  0.00  
0.53  0.47  0.00  0.00  0.00  
0.53  0.47  0.00  0.00  0.00  
0.53  0.47  0.00  0.00  0.00  
0.53  0.47  0.00  0.00  0.00  
0.53  0.47  0.00  0.00  0.00  
0.53  0.47  0.00  0.00  0.00  
0.53  0.47  0.00  0.00  0.00  
0.53  0.47  0.00  0.00  0.00  
-9999.00  -9999.00  -9999.00  -9999.00  -9999.00  
0.53  0.47  0.00  0.00  0.00  
0.54  0.46  0.00  0.00  0.00  
0.54  0.46  0.00  0.00  0.00  
0.54  0.46  0.00  0.00  0.00  
0.56  0.44  0.00  0.00  0.00  
0.56  0.44  0.00  0.00  0.00  
0.56  0.44  0.00  0.00  0.00  
0.56  0.44  0.00  0.00  0.00  
0.56  0.44  0.00  0.00  0.00  
0.57  0.43  0.00  0.00  0.00  
0.31  0.69  0.00  0.00  0.00  
0.64  0.36  0.00  0.00  0.00  
0.64  0.36  0.00  0.00  0.00  
0.64  0.36  0.00  0.00  0.00  
0.64  0.36  0.00  0.00  0.00  
0.64  0.36  0.00  0.00  0.00  
0.64  0.36  0.00  0.00  0.00  
0.64  0.36  0.00  0.00  0.00  
0.64  0.36  0.00  0.00  0.00  
0.64  0.36  0.00  0.00  0.00  
0.64  0.36  0.00  0.00  0.00  
-9999.00  -9999.00  -9999.00  -9999.00  -9999.00  
0.64  0.36  0.00  0.00  0.00  
0.64  0.36  0.00  0.00  0.00  
0.66  0.34  0.00  0.00  0.00  
0.66  0.34  0.00  0.00  0.00  
0.67  0.33  0.00  0.00  0.00  
0.67  0.33  0.00  0.00  0.00  
0.67  0.33  0.00  0.00  0.00  
0.67  0.33  0.00  0.00  0.00  
0.67  0.33  0.00  0.00  0.00  
0.67  0.33  0.00  0.00  0.00  
0.67  0.33  0.00  0.00  0.00  
0.67  0.33  0.00  0.00  0.00  
0.67  0.33  0.00  0.00  0.00  
0.68  0.32  0.00  0.00  0.00  
-9999.00  -9999.00  -9999.00  -9999.00  -9999.00  
0.68  0.32  0.00  0.00  0.00  
0.68  0.32  0.00  0.00  0.00  
0.90  0.10  0.00  0.00  0.00  
0.90  0.10  0.00  0.00  0.00  
0.90  0.10  0.00  0.00  0.00  
0.90  0.10  0.00  0.00  0.00  
0.90  0.10  0.00  0.00  0.00  
0.90  0.10  0.00  0.00  0.00  
0.90  0.10  0.00  0.00  0.00  
0.90  0.10  0.00  0.00  0.00  
0.90  0.10  0.00  0.00  0.00  
-9999.00  -9999.00  -9999.00  -9999.00  -9999.00  
0.90  0.10  0.00  0.00  0.00  
0.90  0.10  0.00  0.00  0.00  
0.90  0.10  0.00  0.00  0.00  
0.90  0.10  0.00  0.00  0.00  
0.90  0.10  0.00  0.00  0.00  
0.90  0.10  0.00  0.00  0.00  
0.90  0.10  0.00  0.00  0.00  
0.90  0.10  0.00  0.00  0.00  
0.90  0.10  0.00  0.00  0.00  
0.90  0.10  0.00  0.00  0.00  
0.91  0.09  0.00  0.00  0.00  
-9999.00  -9999.00  -9999.00  -9999.00  -9999.00  
0.91  0.09  0.00  0.00  0.00  
0.91  0.09  0.00  0.00  0.00  
0.91  0.09  0.00  0.00  0.00  
0.91  0.09  0.00  0.00  0.00  
0.92  0.08  0.00  0.00  0.00  
0.92  0.08  0.00  0.00  0.00  
0.92  0.08  0.00  0.00  0.00  
0.92  0.08  0.00  0.00  0.00  
0.92  0.08  0.00  0.00  0.00  
0.92  0.08  0.00  0.00  0.00  
0.92  0.08  0.00  0.00  0.00  
0.92  0.08  0.00  0.00  0.00  
0.92  0.08  0.00  0.00  0.00  
0.92  0.08  0.00  0.00  0.00  
0.92  0.08  0.00  0.00  0.00  
0.92  0.08  0.00  0.00  0.00  
0.98  0.02  0.00  0.00  0.00  
-9999.00  -9999.00  -9999.00  -9999.00  -9999.00  
0.98  0.02  0.00  0.00  0.00  
0.98  0.02  0.00  0.00  0.00  
0.98  0.02  0.00  0.00  0.00  
0.98  0.02  0.00  0.00  0.00  
0.98  0.02  0.00  0.00  0.00  
0.97  0.03  0.00  0.00  0.00  
0.97  0.03  0.00  0.00  0.00  
0.97  0.03  0.00  0.00  0.00  
0.97  0.03  0.00  0.00  0.00  
0.97  0.03  0.00  0.00  0.00  
0.97  0.03  0.00  0.00  0.00  
0.97  0.03  0.00  0.00  0.00  
0.97  0.03  0.00  0.00  0.00  
0.97  0.03  0.00  0.00  0.00  
0.99  0.01  0.00  0.00  0.00  
0.99  0.01  0.00  0.00  0.00  
0.99  0.01  0.00  0.00  0.00  
0.99  0.01  0.00  0.00  0.00  
0.99  0.01  0.00  0.00  0.00  
1.00  0.00  0.00  0.00  0.00  
-9999.00  -9999.00  -9999.00  -9999.00  -9999.00  
1.00  0.00  0.00  0.00  0.00  
1.00  0.00  0.00  0.00  0.00  
1.00  0.00  0.00  0.00  0.00  
1.00  0.00  0.00  0.00  0.00  
1.00  0.00  0.00  0.00  0.00  
1.00  0.00  0.00  0.00  0.00  
1.00  0.00  0.00  0.00  0.00  
1.00  0.00  0.00  0.00  0.00  
1.00  0.00  0.00  0.00  0.00  
1.00  0.00  0.00  0.00  0.00  
1.00  0.00  0.00  0.00  0.00  
1.00  0.00  0.00  0.00  0.00  
1.00  0.00  0.00  0.00  0.00  
1.00  0.00  0.00  0.00  0.00  
-9999.00  -9999.00  -9999.00  -9999.00  -9999.00  
1.00  0.00  0.00  0.00  0.00  
1.00  0.00  0.00  0.00  0.00  
1.00  0.00  0.00  0.00  0.00  
1.00  0.00  0.00  0.00  0.00  
1.00  0.00  0.00  0.00  0.00  
1.00  0.00  0.00  0.00  0.00  
1.00  0.00  0.00  0.00  0.00  
1.00  0.00  0.00  0.00  0.00  
1.00  0.00  0.00  0.00  0.00  
1.00  0.00  0.00  0.00  0.00  
1.00  0.00  0.00  0.00  0.00  
1.00  0.00  0.00  0.00  0.00  
1.00  0.00  0.00  0.00  0.00  
1.00  0.00  0.00  0.00  0.00  
-9999.00  -9999.00  -9999.00  -9999.00  -9999.00  
1.00  0.00  0.00  0.00  0.00  
1.00  0.00  0.00  0.00  0.00  
1.00  0.00  0.00  0.00  0.00  
1.00  0.00  0.00  0.00  0.00  
1.00  0.00  0.00  0.00  0.00  
1.00  0.00  0.00  0.00  0.00  
1.00  0.00  0.00  0.00  0.00  
1.00  0.00  0.00  0.00  0.00  
1.00  0.00  0.00  0.00  0.00  
1.00  0.00  0.00  0.00  0.00  
1.00  0.00  0.00  0.00  0.00  
1.00  0.00  0.00  0.00  0.00  
1.00  0.00  0.00  0.00  0.00  
1.00  0.00  0.00  0.00  0.00  
-9999.00  -9999.00  -9999.00  -9999.00  -9999.00  
1.00  0.00  0.00  0.00  0.00  
1.00  0.00  0.00  0.00  0.00  
1.00  0.00  0.00  0.00  0.00  
1.00  0.00  0.00  0.00  0.00  
1.00  0.00  0.00  0.00  0.00  
1.00  0.00  0.00  0.00  0.00  
1.00  0.00  0.00  0.00  0.00  
1.00  0.00  0.00  0.00  0.00  
1.00  0.00  0.00  0.00  0.00  
1.00  0.00  0.00  0.00  0.00  
1.00  0.00  0.00  0.00  0.00  
1.00  0.00  0.00  0.00  0.00  
-9999.00  -9999.00  -9999.00  -9999.00  -9999.00  
1.00  0.00  0.00  0.00  0.00  
1.00  0.00  0.00  0.00  0.00  
1.00  0.00  0.00  0.00  0.00  
1.00  0.00  0.00  0.00  0.00  
1.00  0.00  0.00  0.00  0.00  
1.00  0.00  0.00  0.00  0.00  
1.00  0.00  0.00  0.00  0.00  
1.00  0.00  0.00  0.00  0.00  
1.00  0.00  0.00  0.00  0.00  
1.00  0.00  0.00  0.00  0.00  
1.00  0.00  0.00  0.00  0.00  
1.00  0.00  0.00  0.00  0.00  
1.00  0.00  0.00  0.00  0.00  
1.00  0.00  0.00  0.00  0.00  
1.00  0.00  0.00  0.00  0.00  
1.00  0.00  0.00  0.00  0.00  
1.00  0.00  0.00  0.00  0.00  
1.00  0.00  0.00  0.00  0.00  
1.00  0.00  0.00  0.00  0.00  
1.00  0.00  0.00  0.00  0.00  
-9999.00  -9999.00  -9999.00  -9999.00  -9999.00  
1.00  0.00  0.00  0.00  0.00  
1.00  0.00  0.00  0.00  0.00  
1.00  0.00  0.00  0.00  0.00  
1.00  0.00  0.00  0.00  0.00  
1.00  0.00  0.00  0.00  0.00  
1.00  0.00  0.00  0.00  0.00  
1.00  0.00  0.00  0.00  0.00  
1.00  0.00  0.00  0.00  0.00  
1.00  0.00  0.00  0.00  0.00  
1.00  0.00  0.00  0.00  0.00  
1.00  0.00  0.00  0.00  0.00  
1.00  0.00  0.00  0.00  0.00  
1.00  0.00  0.00  0.00  0.00  
-9999.00  -9999.00  -9999.00  -9999.00  -9999.00  
1.00  0.00  0.00  0.00  0.00  
1.00  0.00  0.00  0.00  0.00  
1.00  0.00  0.00  0.00  0.00  
1.00  0.00  0.00  0.00  0.00  
1.00  0.00  0.00  0.00  0.00  
1.00  0.00  0.00  0.00  0.00  
1.00  0.00  0.00  0.00  0.00  
1.00  0.00  0.00  0.00  0.00  
1.00  0.00  0.00  0.00  0.00  
1.00  0.00  0.00  0.00  0.00  
1.00  0.00  0.00  0.00  0.00  
-9999.00  -9999.00  -9999.00  -9999.00  -9999.00  
1.00  0.00  0.00  0.00  0.00  
1.00  0.00  0.00  0.00  0.00  
1.00  0.00  0.00  0.00  0.00  
1.00  0.00  0.00  0.00  0.00  
1.00  0.00  0.00  0.00  0.00  
1.00  0.00  0.00  0.00  0.00  
1.00  0.00  0.00  0.00  0.00  
1.00  0.00  0.00  0.00  0.00  
1.00  0.00  0.00  0.00  0.00  
1.00  0.00  0.00  0.00  0.00  
1.00  0.00  0.00  0.00  0.00  
1.00  0.00  0.00  0.00  0.00  
1.00  0.00  0.00  0.00  0.00  
1.00  0.00  0.00  0.00  0.00  
-9999.00  -9999.00  -9999.00  -9999.00  -9999.00  
1.00  0.00  0.00  0.00  0.00  
1.00  0.00  0.00  0.00  0.00  
1.00  0.00  0.00  0.00  0.00  
1.00  0.00  0.00  0.00  0.00  
1.00  0.00  0.00  0.00  0.00  
1.00  0.00  0.00  0.00  0.00  
1.00  0.00  0.00  0.00  0.00  
1.00  0.00  0.00  0.00  0.00  
1.00  0.00  0.00  0.00  0.00  
1.00  0.00  0.00  0.00  0.00  
1.00  0.00  0.00  0.00  0.00  
1.00  0.00  0.00  0.00  0.00  
-9999.00  -9999.00  -9999.00  -9999.00  -9999.00  
1.00  0.00  0.00  0.00  0.00  
1.00  0.00  0.00  0.00  0.00  
1.00  0.00  0.00  0.00  0.00  
1.00  0.00  0.00  0.00  0.00  
1.00  0.00  0.00  0.00  0.00  
1.00  0.00  0.00  0.00  0.00  
1.00  0.00  0.00  0.00  0.00  
1.00  0.00  0.00  0.00  0.00  
1.00  0.00  0.00  0.00  0.00  
1.00  0.00  0.00  0.00  0.00  
1.00  0.00  0.00  0.00  0.00  
-9999.00  -9999.00  -9999.00  -9999.00  -9999.00  
1.00  0.00  0.00  0.00  0.00  
1.00  0.00  0.00  0.00  0.00  
1.00  0.00  0.00  0.00  0.00  
1.00  0.00  0.00  0.00  0.00  
1.00  0.00  0.00  0.00  0.00  
1.00  0.00  0.00  0.00  0.00  
1.00  0.00  0.00  0.00  0.00  
1.00  0.00  0.00  0.00  0.00  
1.00  0.00  0.00  0.00  0.00  
1.00  0.00  0.00  0.00  0.00  
1.00  0.00  0.00  0.00  0.00  
-9999.00  -9999.00  -9999.00  -9999.00  -9999.00  
1.00  0.00  0.00  0.00  0.00  
1.00  0.00  0.00  0.00  0.00  
1.00  0.00  0.00  0.00  0.00  
1.00  0.00  0.00  0.00  0.00  
1.00  0.00  0.00  0.00  0.00  
1.00  0.00  0.00  0.00  0.00  
1.00  0.00  0.00  0.00  0.00  
1.00  0.00  0.00  0.00  0.00  
1.00  0.00  0.00  0.00  0.00  
1.00  0.00  0.00  0.00  0.00  
1.00  0.00  0.00  0.00  0.00  
1.00  0.00  0.00  0.00  0.00  
1.00  0.00  0.00  0.00  0.00  
-9999.00  -9999.00  -9999.00  -9999.00  -9999.00  
1.00  0.00  0.00  0.00  0.00  
1.00  0.00  0.00  0.00  0.00  
1.00  0.00  0.00  0.00  0.00  
1.00  0.00  0.00  0.00  0.00  
1.00  0.00  0.00  0.00  0.00  
1.00  0.00  0.00  0.00  0.00  
1.00  0.00  0.00  0.00  0.00  
1.00  0.00  0.00  0.00  0.00  
1.00  0.00  0.00  0.00  0.00  
1.00  0.00  0.00  0.00  0.00  
1.00  0.00  0.00  0.00  0.00  
1.00  0.00  0.00  0.00  0.00  
1.00  0.00  0.00  0.00  0.00  
1.00  0.00  0.00  0.00  0.00  
1.00  0.00  0.00  0.00  0.00  
1.00  0.00  0.00  0.00  0.00  
1.00  0.00  0.00  0.00  0.00  
1.00  0.00  0.00  0.00  0.00  
-9999.00  -9999.00  -9999.00  -9999.00  -9999.00  
1.00  0.00  0.00  0.00  0.00  
1.00  0.00  0.00  0.00  0.00  
1.00  0.00  0.00  0.00  0.00  
1.00  0.00  0.00  0.00  0.00  
1.00  0.00  0.00  0.00  0.00  
1.00  0.00  0.00  0.00  0.00  
1.00  0.00  0.00  0.00  0.00  
1.00  0.00  0.00  0.00  0.00  
1.00  0.00  0.00  0.00  0.00  
1.00  0.00  0.00  0.00  0.00  
1.00  0.00  0.00  0.00  0.00  
-9999.00  -9999.00  -9999.00  -9999.00  -9999.00  
1.00  0.00  0.00  0.00  0.00  
1.00  0.00  0.00  0.00  0.00  
1.00  0.00  0.00  0.00  0.00  
1.00  0.00  0.00  0.00  0.00  
1.00  0.00  0.00  0.00  0.00  
1.00  0.00  0.00  0.00  0.00  
1.00  0.00  0.00  0.00  0.00  
1.00  0.00  0.00  0.00  0.00  
1.00  0.00  0.00  0.00  0.00  
1.00  0.00  0.00  0.00  0.00  
1.00  0.00  0.00  0.00  0.00  
1.00  0.00  0.00  0.00  0.00  
1.00  0.00  0.00  0.00  0.00  
1.00  0.00  0.00  0.00  0.00  
1.00  0.00  0.00  0.00  0.00  
1.00  0.00  0.00  0.00  0.00  
1.00  0.00  0.00  0.00  0.00  
1.00  0.00  0.00  0.00  0.00  
1.00  0.00  0.00  0.00  0.00  
-9999.00  -9999.00  -9999.00  -9999.00  -9999.00  
1.00  0.00  0.00  0.00  0.00  
1.00  0.00  0.00  0.00  0.00  
1.00  0.00  0.00  0.00  0.00  
1.00  0.00  0.00  0.00  0.00  
1.00  0.00  0.00  0.00  0.00  
1.00  0.00  0.00  0.00  0.00  
1.00  0.00  0.00  0.00  0.00  
1.00  0.00  0.00  0.00  0.00  
1.00  0.00  0.00  0.00  0.00  
1.00  0.00  0.00  0.00  0.00  
1.00  0.00  0.00  0.00  0.00  
1.00  0.00  0.00  0.00  0.00  
1.00  0.00  0.00  0.00  0.00  
1.00  0.00  0.00  0.00  0.00  
1.00  0.00  0.00  0.00  0.00  
1.00  0.00  0.00  0.00  0.00  
1.00  0.00  0.00  0.00  0.00  
1.00  0.00  0.00  0.00  0.00  
1.00  0.00  0.00  0.00  0.00  
-9999.00  -9999.00  -9999.00  -9999.00  -9999.00  
1.00  0.00  0.00  0.00  0.00  
1.00  0.00  0.00  0.00  0.00  
1.00  0.00  0.00  0.00  0.00  
1.00  0.00  0.00  0.00  0.00  
1.00  0.00  0.00  0.00  0.00  
1.00  0.00  0.00  0.00  0.00  
1.00  0.00  0.00  0.00  0.00  
1.00  0.00  0.00  0.00  0.00  
1.00  0.00  0.00  0.00  0.00  
1.00  0.00  0.00  0.00  0.00  
1.00  0.00  0.00  0.00  0.00  
-9999.00  -9999.00  -9999.00  -9999.00  -9999.00  
1.00  0.00  0.00  0.00  0.00  
1.00  0.00  0.00  0.00  0.00  
1.00  0.00  0.00  0.00  0.00  
1.00  0.00  0.00  0.00  0.00  
1.00  0.00  0.00  0.00  0.00  
1.00  0.00  0.00  0.00  0.00  
1.00  0.00  0.00  0.00  0.00  
1.00  0.00  0.00  0.00  0.00  
1.00  0.00  0.00  0.00  0.00  
1.00  0.00  0.00  0.00  0.00  
1.00  0.00  0.00  0.00  0.00  
1.00  0.00  0.00  0.00  0.00  
1.00  0.00  0.00  0.00  0.00  
1.00  0.00  0.00  0.00  0.00  
1.00  0.00  0.00  0.00  0.00  
1.00  0.00  0.00  0.00  0.00  
1.00  0.00  0.00  0.00  0.00  
1.00  0.00  0.00  0.00  0.00  
1.00  0.00  0.00  0.00  0.00  
-9999.00  -9999.00  -9999.00  -9999.00  -9999.00  
1.00  0.00  0.00  0.00  0.00  
1.00  0.00  0.00  0.00  0.00  
1.00  0.00  0.00  0.00  0.00  
1.00  0.00  0.00  0.00  0.00  
1.00  0.00  0.00  0.00  0.00  
1.00  0.00  0.00  0.00  0.00  
1.00  0.00  0.00  0.00  0.00  
1.00  0.00  0.00  0.00  0.00  
1.00  0.00  0.00  0.00  0.00  
1.00  0.00  0.00  0.00  0.00  
1.00  0.00  0.00  0.00  0.00  
-9999.00  -9999.00  -9999.00  -9999.00  -9999.00  
1.00  0.00  0.00  0.00  0.00  
1.00  0.00  0.00  0.00  0.00  
1.00  0.00  0.00  0.00  0.00  
1.00  0.00  0.00  0.00  0.00  
1.00  0.00  0.00  0.00  0.00  
1.00  0.00  0.00  0.00  0.00  
1.00  0.00  0.00  0.00  0.00  
1.00  0.00  0.00  0.00  0.00  
1.00  0.00  0.00  0.00  0.00  
1.00  0.00  0.00  0.00  0.00  
1.00  0.00  0.00  0.00  0.00  
-9999.00  -9999.00  -9999.00  -9999.00  -9999.00  
1.00  0.00  0.00  0.00  0.00  
1.00  0.00  0.00  0.00  0.00  
1.00  0.00  0.00  0.00  0.00  
1.00  0.00  0.00  0.00  0.00  
1.00  0.00  0.00  0.00  0.00  
1.00  0.00  0.00  0.00  0.00  
1.00  0.00  0.00  0.00  0.00  
1.00  0.00  0.00  0.00  0.00  
1.00  0.00  0.00  0.00  0.00  
1.00  0.00  0.00  0.00  0.00  
1.00  0.00  0.00  0.00  0.00  
1.00  0.00  0.00  0.00  0.00  
1.00  0.00  0.00  0.00  0.00  
1.00  0.00  0.00  0.00  0.00  
-9999.00  -9999.00  -9999.00  -9999.00  -9999.00  
1.00  0.00  0.00  0.00  0.00  
1.00  0.00  0.00  0.00  0.00  
1.00  0.00  0.00  0.00  0.00  
1.00  0.00  0.00  0.00  0.00  
1.00  0.00  0.00  0.00  0.00  
1.00  0.00  0.00  0.00  0.00  
1.00  0.00  0.00  0.00  0.00  
1.00  0.00  0.00  0.00  0.00  
1.00  0.00  0.00  0.00  0.00  
1.00  0.00  0.00  0.00  0.00  
1.00  0.00  0.00  0.00  0.00  
1.00  0.00  0.00  0.00  0.00  
-9999.00  -9999.00  -9999.00  -9999.00  -9999.00  
1.00  0.00  0.00  0.00  0.00  
1.00  0.00  0.00  0.00  0.00  
1.00  0.00  0.00  0.00  0.00  
1.00  0.00  0.00  0.00  0.00  
1.00  0.00  0.00  0.00  0.00  
1.00  0.00  0.00  0.00  0.00  
1.00  0.00  0.00  0.00  0.00  
1.00  0.00  0.00  0.00  0.00  
1.00  0.00  0.00  0.00  0.00  
1.00  0.00  0.00  0.00  0.00  
1.00  0.00  0.00  0.00  0.00  
1.00  0.00  0.00  0.00  0.00  
-9999.00  -9999.00  -9999.00  -9999.00  -9999.00  
1.00  0.00  0.00  0.00  0.00  
1.00  0.00  0.00  0.00  0.00  
1.00  0.00  0.00  0.00  0.00  
1.00  0.00  0.00  0.00  0.00  
1.00  0.00  0.00  0.00  0.00  
1.00  0.00  0.00  0.00  0.00  
1.00  0.00  0.00  0.00  0.00  
1.00  0.00  0.00  0.00  0.00  
1.00  0.00  0.00  0.00  0.00  
1.00  0.00  0.00  0.00  0.00  
1.00  0.00  0.00  0.00  0.00  
1.00  0.00  0.00  0.00  0.00  
1.00  0.00  0.00  0.00  0.00  
-9999.00  -9999.00  -9999.00  -9999.00  -9999.00  
1.00  0.00  0.00  0.00  0.00  
1.00  0.00  0.00  0.00  0.00  
1.00  0.00  0.00  0.00  0.00  
1.00  0.00  0.00  0.00  0.00  
1.00  0.00  0.00  0.00  0.00  
1.00  0.00  0.00  0.00  0.00  
1.00  0.00  0.00  0.00  0.00  
1.00  0.00  0.00  0.00  0.00  
1.00  0.00  0.00  0.00  0.00  
1.00  0.00  0.00  0.00  0.00  
1.00  0.00  0.00  0.00  0.00  
1.00  0.00  0.00  0.00  0.00  
-9999.00  -9999.00  -9999.00  -9999.00  -9999.00  
1.00  0.00  0.00  0.00  0.00  
1.00  0.00  0.00  0.00  0.00  
1.00  0.00  0.00  0.00  0.00  
1.00  0.00  0.00  0.00  0.00  
1.00  0.00  0.00  0.00  0.00  
1.00  0.00  0.00  0.00  0.00  
1.00  0.00  0.00  0.00  0.00  
1.00  0.00  0.00  0.00  0.00  
1.00  0.00  0.00  0.00  0.00  
1.00  0.00  0.00  0.00  0.00  
1.00  0.00  0.00  0.00  0.00  
1.00  0.00  0.00  0.00  0.00  
-9999.00  -9999.00  -9999.00  -9999.00  -9999.00  
1.00  0.00  0.00  0.00  0.00  
1.00  0.00  0.00  0.00  0.00  
1.00  0.00  0.00  0.00  0.00  
1.00  0.00  0.00  0.00  0.00  
1.00  0.00  0.00  0.00  0.00  
1.00  0.00  0.00  0.00  0.00  
1.00  0.00  0.00  0.00  0.00  
1.00  0.00  0.00  0.00  0.00  
1.00  0.00  0.00  0.00  0.00  
1.00  0.00  0.00  0.00  0.00  
1.00  0.00  0.00  0.00  0.00  
1.00  0.00  0.00  0.00  0.00  
1.00  0.00  0.00  0.00  0.00  
1.00  0.00  0.00  0.00  0.00  
-9999.00  -9999.00  -9999.00  -9999.00  -9999.00  
1.00  0.00  0.00  0.00  0.00  
1.00  0.00  0.00  0.00  0.00  
1.00  0.00  0.00  0.00  0.00  
1.00  0.00  0.00  0.00  0.00  
1.00  0.00  0.00  0.00  0.00  
1.00  0.00  0.00  0.00  0.00  
1.00  0.00  0.00  0.00  0.00  
1.00  0.00  0.00  0.00  0.00  
1.00  0.00  0.00  0.00  0.00  
1.00  0.00  0.00  0.00  0.00  
1.00  0.00  0.00  0.00  0.00  
1.00  0.00  0.00  0.00  0.00  
1.00  0.00  0.00  0.00  0.00  
1.00  0.00  0.00  0.00  0.00  
1.00  0.00  0.00  0.00  0.00  
1.00  0.00  0.00  0.00  0.00  
1.00  0.00  0.00  0.00  0.00  
1.00  0.00  0.00  0.00  0.00  
1.00  0.00  0.00  0.00  0.00  
-9999.00  -9999.00  -9999.00  -9999.00  -9999.00  
1.00  0.00  0.00  0.00  0.00  
1.00  0.00  0.00  0.00  0.00  
1.00  0.00  0.00  0.00  0.00  
1.00  0.00  0.00  0.00  0.00  
1.00  0.00  0.00  0.00  0.00  
1.00  0.00  0.00  0.00  0.00  
1.00  0.00  0.00  0.00  0.00  
1.00  0.00  0.00  0.00  0.00  
1.00  0.00  0.00  0.00  0.00  
1.00  0.00  0.00  0.00  0.00  
1.00  0.00  0.00  0.00  0.00  
-9999.00  -9999.00  -9999.00  -9999.00  -9999.00  
1.00  0.00  0.00  0.00  0.00  
1.00  0.00  0.00  0.00  0.00  
1.00  0.00  0.00  0.00  0.00  
1.00  0.00  0.00  0.00  0.00  
1.00  0.00  0.00  0.00  0.00  
1.00  0.00  0.00  0.00  0.00  
1.00  0.00  0.00  0.00  0.00  
1.00  0.00  0.00  0.00  0.00  
1.00  0.00  0.00  0.00  0.00  
1.00  0.00  0.00  0.00  0.00  
1.00  0.00  0.00  0.00  0.00  
-9999.00  -9999.00  -9999.00  -9999.00  -9999.00  
1.00  0.00  0.00  0.00  0.00  
1.00  0.00  0.00  0.00  0.00  
1.00  0.00  0.00  0.00  0.00  
1.00  0.00  0.00  0.00  0.00  
1.00  0.00  0.00  0.00  0.00  
1.00  0.00  0.00  0.00  0.00  
1.00  0.00  0.00  0.00  0.00  
1.00  0.00  0.00  0.00  0.00  
1.00  0.00  0.00  0.00  0.00  
1.00  0.00  0.00  0.00  0.00  
1.00  0.00  0.00  0.00  0.00  
1.00  0.00  0.00  0.00  0.00  
1.00  0.00  0.00  0.00  0.00  
1.00  0.00  0.00  0.00  0.00  
1.00  0.00  0.00  0.00  0.00  
1.00  0.00  0.00  0.00  0.00  
1.00  0.00  0.00  0.00  0.00  
1.00  0.00  0.00  0.00  0.00  
-9999.00  -9999.00  -9999.00  -9999.00  -9999.00  
1.00  0.00  0.00  0.00  0.00  
1.00  0.00  0.00  0.00  0.00  
1.00  0.00  0.00  0.00  0.00  
1.00  0.00  0.00  0.00  0.00  
1.00  0.00  0.00  0.00  0.00  
1.00  0.00  0.00  0.00  0.00  
1.00  0.00  0.00  0.00  0.00  
1.00  0.00  0.00  0.00  0.00  
1.00  0.00  0.00  0.00  0.00  
1.00  0.00  0.00  0.00  0.00  
1.00  0.00  0.00  0.00  0.00  
1.00  0.00  0.00  0.00  0.00  
-9999.00  -9999.00  -9999.00  -9999.00  -9999.00  
1.00  0.00  0.00  0.00  0.00  
1.00  0.00  0.00  0.00  0.00  
1.00  0.00  0.00  0.00  0.00  
1.00  0.00  0.00  0.00  0.00  
1.00  0.00  0.00  0.00  0.00  
1.00  0.00  0.00  0.00  0.00  
1.00  0.00  0.00  0.00  0.00  
1.00  0.00  0.00  0.00  0.00  
1.00  0.00  0.00  0.00  0.00  
1.00  0.00  0.00  0.00  0.00  
1.00  0.00  0.00  0.00  0.00  
1.00  0.00  0.00  0.00  0.00  
1.00  0.00  0.00  0.00  0.00  
1.00  0.00  0.00  0.00  0.00  
1.00  0.00  0.00  0.00  0.00  
1.00  0.00  0.00  0.00  0.00  
1.00  0.00  0.00  0.00  0.00  
1.00  0.00  0.00  0.00  0.00  
-9999.00  -9999.00  -9999.00  -9999.00  -9999.00  
1.00  0.00  0.00  0.00  0.00  
1.00  0.00  0.00  0.00  0.00  
1.00  0.00  0.00  0.00  0.00  
1.00  0.00  0.00  0.00  0.00  
1.00  0.00  0.00  0.00  0.00  
1.00  0.00  0.00  0.00  0.00  
1.00  0.00  0.00  0.00  0.00  
1.00  0.00  0.00  0.00  0.00  
1.00  0.00  0.00  0.00  0.00  
1.00  0.00  0.00  0.00  0.00  
1.00  0.00  0.00  0.00  0.00  
-9999.00  -9999.00  -9999.00  -9999.00  -9999.00  
1.00  0.00  0.00  0.00  0.00  
1.00  0.00  0.00  0.00  0.00  
1.00  0.00  0.00  0.00  0.00  
1.00  0.00  0.00  0.00  0.00  
1.00  0.00  0.00  0.00  0.00  
1.00  0.00  0.00  0.00  0.00  
1.00  0.00  0.00  0.00  0.00  
1.00  0.00  0.00  0.00  0.00  
1.00  0.00  0.00  0.00  0.00  
1.00  0.00  0.00  0.00  0.00  
1.00  0.00  0.00  0.00  0.00  
1.00  0.00  0.00  0.00  0.00  
1.00  0.00  0.00  0.00  0.00  
1.00  0.00  0.00  0.00  0.00  
-9999.00  -9999.00  -9999.00  -9999.00  -9999.00  
1.00  0.00  0.00  0.00  0.00  
1.00  0.00  0.00  0.00  0.00  
1.00  0.00  0.00  0.00  0.00  
1.00  0.00  0.00  0.00  0.00  
1.00  0.00  0.00  0.00  0.00  
1.00  0.00  0.00  0.00  0.00  
1.00  0.00  0.00  0.00  0.00  
1.00  0.00  0.00  0.00  0.00  
1.00  0.00  0.00  0.00  0.00  
1.00  0.00  0.00  0.00  0.00  
1.00  0.00  0.00  0.00  0.00  
1.00  0.00  0.00  0.00  0.00  
-9999.00  -9999.00  -9999.00  -9999.00  -9999.00  
1.00  0.00  0.00  0.00  0.00  
1.00  0.00  0.00  0.00  0.00  
1.00  0.00  0.00  0.00  0.00  
1.00  0.00  0.00  0.00  0.00  
1.00  0.00  0.00  0.00  0.00  
1.00  0.00  0.00  0.00  0.00  
1.00  0.00  0.00  0.00  0.00  
1.00  0.00  0.00  0.00  0.00  
1.00  0.00  0.00  0.00  0.00  
1.00  0.00  0.00  0.00  0.00  
1.00  0.00  0.00  0.00  0.00  
1.00  0.00  0.00  0.00  0.00  
-9999.00  -9999.00  -9999.00  -9999.00  -9999.00  
1.00  0.00  0.00  0.00  0.00  
1.00  0.00  0.00  0.00  0.00  
1.00  0.00  0.00  0.00  0.00  
1.00  0.00  0.00  0.00  0.00  
1.00  0.00  0.00  0.00  0.00  
1.00  0.00  0.00  0.00  0.00  
1.00  0.00  0.00  0.00  0.00  
1.00  0.00  0.00  0.00  0.00  
1.00  0.00  0.00  0.00  0.00  
1.00  0.00  0.00  0.00  0.00  
1.00  0.00  0.00  0.00  0.00  
1.00  0.00  0.00  0.00  0.00  
1.00  0.00  0.00  0.00  0.00  
1.00  0.00  0.00  0.00  0.00  
1.00  0.00  0.00  0.00  0.00  
1.00  0.00  0.00  0.00  0.00  
1.00  0.00  0.00  0.00  0.00  
-9999.00  -9999.00  -9999.00  -9999.00  -9999.00  
1.00  0.00  0.00  0.00  0.00  
1.00  0.00  0.00  0.00  0.00  
1.00  0.00  0.00  0.00  0.00  
1.00  0.00  0.00  0.00  0.00  
1.00  0.00  0.00  0.00  0.00  
1.00  0.00  0.00  0.00  0.00  
1.00  0.00  0.00  0.00  0.00  
1.00  0.00  0.00  0.00  0.00  
1.00  0.00  0.00  0.00  0.00  
1.00  0.00  0.00  0.00  0.00  
1.00  0.00  0.00  0.00  0.00  
1.00  0.00  0.00  0.00  0.00  
1.00  0.00  0.00  0.00  0.00  
1.00  0.00  0.00  0.00  0.00  
1.00  0.00  0.00  0.00  0.00  
1.00  0.00  0.00  0.00  0.00  
1.00  0.00  0.00  0.00  0.00  
1.00  0.00  0.00  0.00  0.00  
1.00  0.00  0.00  0.00  0.00  
1.00  0.00  0.00  0.00  0.00  
1.00  0.00  0.00  0.00  0.00  
-9999.00  -9999.00  -9999.00  -9999.00  -9999.00  
1.00  0.00  0.00  0.00  0.00  
1.00  0.00  0.00  0.00  0.00  
1.00  0.00  0.00  0.00  0.00  
1.00  0.00  0.00  0.00  0.00  
1.00  0.00  0.00  0.00  0.00  
1.00  0.00  0.00  0.00  0.00  
1.00  0.00  0.00  0.00  0.00  
1.00  0.00  0.00  0.00  0.00  
1.00  0.00  0.00  0.00  0.00  
1.00  0.00  0.00  0.00  0.00  
1.00  0.00  0.00  0.00  0.00  
1.00  0.00  0.00  0.00  0.00  
-9999.00  -9999.00  -9999.00  -9999.00  -9999.00  
1.00  0.00  0.00  0.00  0.00  
1.00  0.00  0.00  0.00  0.00  
1.00  0.00  0.00  0.00  0.00  
1.00  0.00  0.00  0.00  0.00  
1.00  0.00  0.00  0.00  0.00  
1.00  0.00  0.00  0.00  0.00  
1.00  0.00  0.00  0.00  0.00  
1.00  0.00  0.00  0.00  0.00  
1.00  0.00  0.00  0.00  0.00  
1.00  0.00  0.00  0.00  0.00  
1.00  0.00  0.00  0.00  0.00  
1.00  0.00  0.00  0.00  0.00  
1.00  0.00  0.00  0.00  0.00  
1.00  0.00  0.00  0.00  0.00  
1.00  0.00  0.00  0.00  0.00  
1.00  0.00  0.00  0.00  0.00  
1.00  0.00  0.00  0.00  0.00  
1.00  0.00  0.00  0.00  0.00  
1.00  0.00  0.00  0.00  0.00  
1.00  0.00  0.00  0.00  0.00  
-9999.00  -9999.00  -9999.00  -9999.00  -9999.00  
1.00  0.00  0.00  0.00  0.00  
1.00  0.00  0.00  0.00  0.00  
1.00  0.00  0.00  0.00  0.00  
1.00  0.00  0.00  0.00  0.00  
1.00  0.00  0.00  0.00  0.00  
1.00  0.00  0.00  0.00  0.00  
1.00  0.00  0.00  0.00  0.00  
1.00  0.00  0.00  0.00  0.00  
1.00  0.00  0.00  0.00  0.00  
1.00  0.00  0.00  0.00  0.00  
1.00  0.00  0.00  0.00  0.00  
1.00  0.00  0.00  0.00  0.00  
1.00  0.00  0.00  0.00  0.00  
1.00  0.00  0.00  0.00  0.00  
1.00  0.00  0.00  0.00  0.00  
1.00  0.00  0.00  0.00  0.00  
1.00  0.00  0.00  0.00  0.00  
1.00  0.00  0.00  0.00  0.00  
-9999.00  -9999.00  -9999.00  -9999.00  -9999.00  
1.00  0.00  0.00  0.00  0.00  
1.00  0.00  0.00  0.00  0.00  
1.00  0.00  0.00  0.00  0.00  
1.00  0.00  0.00  0.00  0.00  
1.00  0.00  0.00  0.00  0.00  
1.00  0.00  0.00  0.00  0.00  
1.00  0.00  0.00  0.00  0.00  
1.00  0.00  0.00  0.00  0.00  
1.00  0.00  0.00  0.00  0.00  
1.00  0.00  0.00  0.00  0.00  
1.00  0.00  0.00  0.00  0.00  
1.00  0.00  0.00  0.00  0.00  
1.00  0.00  0.00  0.00  0.00  
1.00  0.00  0.00  0.00  0.00  
1.00  0.00  0.00  0.00  0.00  
1.00  0.00  0.00  0.00  0.00  
-9999.00  -9999.00  -9999.00  -9999.00  -9999.00  
1.00  0.00  0.00  0.00  0.00  
1.00  0.00  0.00  0.00  0.00  
1.00  0.00  0.00  0.00  0.00  
1.00  0.00  0.00  0.00  0.00  
1.00  0.00  0.00  0.00  0.00  
1.00  0.00  0.00  0.00  0.00  
1.00  0.00  0.00  0.00  0.00  
1.00  0.00  0.00  0.00  0.00  
1.00  0.00  0.00  0.00  0.00  
1.00  0.00  0.00  0.00  0.00  
1.00  0.00  0.00  0.00  0.00  
1.00  0.00  0.00  0.00  0.00  
1.00  0.00  0.00  0.00  0.00  
1.00  0.00  0.00  0.00  0.00  
1.00  0.00  0.00  0.00  0.00  
1.00  0.00  0.00  0.00  0.00  
1.00  0.00  0.00  0.00  0.00  
-9999.00  -9999.00  -9999.00  -9999.00  -9999.00  
1.00  0.00  0.00  0.00  0.00  
1.00  0.00  0.00  0.00  0.00  
1.00  0.00  0.00  0.00  0.00  
1.00  0.00  0.00  0.00  0.00  
1.00  0.00  0.00  0.00  0.00  
1.00  0.00  0.00  0.00  0.00  
1.00  0.00  0.00  0.00  0.00  
1.00  0.00  0.00  0.00  0.00  
1.00  0.00  0.00  0.00  0.00  
1.00  0.00  0.00  0.00  0.00  
1.00  0.00  0.00  0.00  0.00  
1.00  0.00  0.00  0.00  0.00  
1.00  0.00  0.00  0.00  0.00  
1.00  0.00  0.00  0.00  0.00  
1.00  0.00  0.00  0.00  0.00  
-9999.00  -9999.00  -9999.00  -9999.00  -9999.00  
1.00  0.00  0.00  0.00  0.00  
1.00  0.00  0.00  0.00  0.00  
1.00  0.00  0.00  0.00  0.00  
1.00  0.00  0.00  0.00  0.00  
1.00  0.00  0.00  0.00  0.00  
1.00  0.00  0.00  0.00  0.00  
1.00  0.00  0.00  0.00  0.00  
1.00  0.00  0.00  0.00  0.00  
1.00  0.00  0.00  0.00  0.00  
1.00  0.00  0.00  0.00  0.00  
1.00  0.00  0.00  0.00  0.00  
1.00  0.00  0.00  0.00  0.00  
1.00  0.00  0.00  0.00  0.00  
1.00  0.00  0.00  0.00  0.00  
-9999.00  -9999.00  -9999.00  -9999.00  -9999.00  
1.00  0.00  0.00  0.00  0.00  
1.00  0.00  0.00  0.00  0.00  
1.00  0.00  0.00  0.00  0.00  
1.00  0.00  0.00  0.00  0.00  
1.00  0.00  0.00  0.00  0.00  
1.00  0.00  0.00  0.00  0.00  
1.00  0.00  0.00  0.00  0.00  
1.00  0.00  0.00  0.00  0.00  
1.00  0.00  0.00  0.00  0.00  
1.00  0.00  0.00  0.00  0.00  
-9999.00  -9999.00  -9999.00  -9999.00  -9999.00  
1.00  0.00  0.00  0.00  0.00  
1.00  0.00  0.00  0.00  0.00  
1.00  0.00  0.00  0.00  0.00  
1.00  0.00  0.00  0.00  0.00  
1.00  0.00  0.00  0.00  0.00  
1.00  0.00  0.00  0.00  0.00  
1.00  0.00  0.00  0.00  0.00  
1.00  0.00  0.00  0.00  0.00  
1.00  0.00  0.00  0.00  0.00  
1.00  0.00  0.00  0.00  0.00  
1.00  0.00  0.00  0.00  0.00  
1.00  0.00  0.00  0.00  0.00  
1.00  0.00  0.00  0.00  0.00  
1.00  0.00  0.00  0.00  0.00  
1.00  0.00  0.00  0.00  0.00  
1.00  0.00  0.00  0.00  0.00  
1.00  0.00  0.00  0.00  0.00  
1.00  0.00  0.00  0.00  0.00  
-9999.00  -9999.00  -9999.00  -9999.00  -9999.00  
1.00  0.00  0.00  0.00  0.00  
1.00  0.00  0.00  0.00  0.00  
1.00  0.00  0.00  0.00  0.00  
1.00  0.00  0.00  0.00  0.00  
1.00  0.00  0.00  0.00  0.00  
1.00  0.00  0.00  0.00  0.00  
1.00  0.00  0.00  0.00  0.00  
1.00  0.00  0.00  0.00  0.00  
1.00  0.00  0.00  0.00  0.00  
1.00  0.00  0.00  0.00  0.00  
1.00  0.00  0.00  0.00  0.00  
1.00  0.00  0.00  0.00  0.00  
1.00  0.00  0.00  0.00  0.00  
1.00  0.00  0.00  0.00  0.00  
-9999.00  -9999.00  -9999.00  -9999.00  -9999.00  
1.00  0.00  0.00  0.00  0.00  
1.00  0.00  0.00  0.00  0.00  
1.00  0.00  0.00  0.00  0.00  
1.00  0.00  0.00  0.00  0.00  
1.00  0.00  0.00  0.00  0.00  
1.00  0.00  0.00  0.00  0.00  
1.00  0.00  0.00  0.00  0.00  
1.00  0.00  0.00  0.00  0.00  
1.00  0.00  0.00  0.00  0.00  
1.00  0.00  0.00  0.00  0.00  
1.00  0.00  0.00  0.00  0.00  
1.00  0.00  0.00  0.00  0.00  
1.00  0.00  0.00  0.00  0.00  
1.00  0.00  0.00  0.00  0.00  
1.00  0.00  0.00  0.00  0.00  
1.00  0.00  0.00  0.00  0.00  
1.00  0.00  0.00  0.00  0.00  
1.00  0.00  0.00  0.00  0.00  
1.00  0.00  0.00  0.00  0.00  
1.00  0.00  0.00  0.00  0.00  
1.00  0.00  0.00  0.00  0.00  
-9999.00  -9999.00  -9999.00  -9999.00  -9999.00  
1.00  0.00  0.00  0.00  0.00  
1.00  0.00  0.00  0.00  0.00  
1.00  0.00  0.00  0.00  0.00  
1.00  0.00  0.00  0.00  0.00  
1.00  0.00  0.00  0.00  0.00  
1.00  0.00  0.00  0.00  0.00  
1.00  0.00  0.00  0.00  0.00  
1.00  0.00  0.00  0.00  0.00  
1.00  0.00  0.00  0.00  0.00  
1.00  0.00  0.00  0.00  0.00  
1.00  0.00  0.00  0.00  0.00  
1.00  0.00  0.00  0.00  0.00  
1.00  0.00  0.00  0.00  0.00  
1.00  0.00  0.00  0.00  0.00  
1.00  0.00  0.00  0.00  0.00  
1.00  0.00  0.00  0.00  0.00  
1.00  0.00  0.00  0.00  0.00  
-9999.00  -9999.00  -9999.00  -9999.00  -9999.00  
1.00  0.00  0.00  0.00  0.00  
1.00  0.00  0.00  0.00  0.00  
1.00  0.00  0.00  0.00  0.00  
1.00  0.00  0.00  0.00  0.00  
1.00  0.00  0.00  0.00  0.00  
1.00  0.00  0.00  0.00  0.00  
1.00  0.00  0.00  0.00  0.00  
1.00  0.00  0.00  0.00  0.00  
1.00  0.00  0.00  0.00  0.00  
1.00  0.00  0.00  0.00  0.00  
1.00  0.00  0.00  0.00  0.00  
-9999.00  -9999.00  -9999.00  -9999.00  -9999.00  
1.00  0.00  0.00  0.00  0.00  
1.00  0.00  0.00  0.00  0.00  
1.00  0.00  0.00  0.00  0.00  
1.00  0.00  0.00  0.00  0.00  
1.00  0.00  0.00  0.00  0.00  
1.00  0.00  0.00  0.00  0.00  
1.00  0.00  0.00  0.00  0.00  
1.00  0.00  0.00  0.00  0.00  
1.00  0.00  0.00  0.00  0.00  
1.00  0.00  0.00  0.00  0.00  
1.00  0.00  0.00  0.00  0.00  
-9999.00  -9999.00  -9999.00  -9999.00  -9999.00  
1.00  0.00  0.00  0.00  0.00  
1.00  0.00  0.00  0.00  0.00  
1.00  0.00  0.00  0.00  0.00  
1.00  0.00  0.00  0.00  0.00  
1.00  0.00  0.00  0.00  0.00  
1.00  0.00  0.00  0.00  0.00  
1.00  0.00  0.00  0.00  0.00  
1.00  0.00  0.00  0.00  0.00  
1.00  0.00  0.00  0.00  0.00  
1.00  0.00  0.00  0.00  0.00  
1.00  0.00  0.00  0.00  0.00  
1.00  0.00  0.00  0.00  0.00  
1.00  0.00  0.00  0.00  0.00  
1.00  0.00  0.00  0.00  0.00  
1.00  0.00  0.00  0.00  0.00  
1.00  0.00  0.00  0.00  0.00  
1.00  0.00  0.00  0.00  0.00  
-9999.00  -9999.00  -9999.00  -9999.00  -9999.00  
1.00  0.00  0.00  0.00  0.00  
1.00  0.00  0.00  0.00  0.00  
1.00  0.00  0.00  0.00  0.00  
1.00  0.00  0.00  0.00  0.00  
1.00  0.00  0.00  0.00  0.00  
1.00  0.00  0.00  0.00  0.00  
1.00  0.00  0.00  0.00  0.00  
1.00  0.00  0.00  0.00  0.00  
1.00  0.00  0.00  0.00  0.00  
1.00  0.00  0.00  0.00  0.00  
1.00  0.00  0.00  0.00  0.00  
1.00  0.00  0.00  0.00  0.00  
-9999.00  -9999.00  -9999.00  -9999.00  -9999.00  
1.00  0.00  0.00  0.00  0.00  
1.00  0.00  0.00  0.00  0.00  
1.00  0.00  0.00  0.00  0.00  
1.00  0.00  0.00  0.00  0.00  
1.00  0.00  0.00  0.00  0.00  
1.00  0.00  0.00  0.00  0.00  
1.00  0.00  0.00  0.00  0.00  
1.00  0.00  0.00  0.00  0.00  
1.00  0.00  0.00  0.00  0.00  
1.00  0.00  0.00  0.00  0.00  
1.00  0.00  0.00  0.00  0.00  
-9999.00  -9999.00  -9999.00  -9999.00  -9999.00  
1.00  0.00  0.00  0.00  0.00  
1.00  0.00  0.00  0.00  0.00  
1.00  0.00  0.00  0.00  0.00  
1.00  0.00  0.00  0.00  0.00  
1.00  0.00  0.00  0.00  0.00  
1.00  0.00  0.00  0.00  0.00  
1.00  0.00  0.00  0.00  0.00  
1.00  0.00  0.00  0.00  0.00  
1.00  0.00  0.00  0.00  0.00  
1.00  0.00  0.00  0.00  0.00  
1.00  0.00  0.00  0.00  0.00  
1.00  0.00  0.00  0.00  0.00  
1.00  0.00  0.00  0.00  0.00  
1.00  0.00  0.00  0.00  0.00  
1.00  0.00  0.00  0.00  0.00  
1.00  0.00  0.00  0.00  0.00  
1.00  0.00  0.00  0.00  0.00  
1.00  0.00  0.00  0.00  0.00  
-9999.00  -9999.00  -9999.00  -9999.00  -9999.00  
1.00  0.00  0.00  0.00  0.00  
1.00  0.00  0.00  0.00  0.00  
1.00  0.00  0.00  0.00  0.00  
1.00  0.00  0.00  0.00  0.00  
1.00  0.00  0.00  0.00  0.00  
1.00  0.00  0.00  0.00  0.00  
1.00  0.00  0.00  0.00  0.00  
1.00  0.00  0.00  0.00  0.00  
1.00  0.00  0.00  0.00  0.00  
1.00  0.00  0.00  0.00  0.00  
1.00  0.00  0.00  0.00  0.00  
1.00  0.00  0.00  0.00  0.00  
1.00  0.00  0.00  0.00  0.00  
1.00  0.00  0.00  0.00  0.00  
-9999.00  -9999.00  -9999.00  -9999.00  -9999.00  
1.00  0.00  0.00  0.00  0.00  
1.00  0.00  0.00  0.00  0.00  
1.00  0.00  0.00  0.00  0.00  
1.00  0.00  0.00  0.00  0.00  
1.00  0.00  0.00  0.00  0.00  
1.00  0.00  0.00  0.00  0.00  
1.00  0.00  0.00  0.00  0.00  
1.00  0.00  0.00  0.00  0.00  
1.00  0.00  0.00  0.00  0.00  
1.00  0.00  0.00  0.00  0.00  
1.00  0.00  0.00  0.00  0.00  
-9999.00  -9999.00  -9999.00  -9999.00  -9999.00  
1.00  0.00  0.00  0.00  0.00  
1.00  0.00  0.00  0.00  0.00  
1.00  0.00  0.00  0.00  0.00  
1.00  0.00  0.00  0.00  0.00  
1.00  0.00  0.00  0.00  0.00  
1.00  0.00  0.00  0.00  0.00  
1.00  0.00  0.00  0.00  0.00  
1.00  0.00  0.00  0.00  0.00  
1.00  0.00  0.00  0.00  0.00  
1.00  0.00  0.00  0.00  0.00  
1.00  0.00  0.00  0.00  0.00  
1.00  0.00  0.00  0.00  0.00  
1.00  0.00  0.00  0.00  0.00  
1.00  0.00  0.00  0.00  0.00  
1.00  0.00  0.00  0.00  0.00  
-9999.00  -9999.00  -9999.00  -9999.00  -9999.00  
1.00  0.00  0.00  0.00  0.00  
1.00  0.00  0.00  0.00  0.00  
1.00  0.00  0.00  0.00  0.00  
1.00  0.00  0.00  0.00  0.00  
1.00  0.00  0.00  0.00  0.00  
1.00  0.00  0.00  0.00  0.00  
1.00  0.00  0.00  0.00  0.00  
1.00  0.00  0.00  0.00  0.00  
1.00  0.00  0.00  0.00  0.00  
1.00  0.00  0.00  0.00  0.00  
1.00  0.00  0.00  0.00  0.00  
1.00  0.00  0.00  0.00  0.00  
1.00  0.00  0.00  0.00  0.00  
1.00  0.00  0.00  0.00  0.00  
-9999.00  -9999.00  -9999.00  -9999.00  -9999.00  
1.00  0.00  0.00  0.00  0.00  
1.00  0.00  0.00  0.00  0.00  
1.00  0.00  0.00  0.00  0.00  
1.00  0.00  0.00  0.00  0.00  
1.00  0.00  0.00  0.00  0.00  
1.00  0.00  0.00  0.00  0.00  
1.00  0.00  0.00  0.00  0.00  
1.00  0.00  0.00  0.00  0.00  
1.00  0.00  0.00  0.00  0.00  
1.00  0.00  0.00  0.00  0.00  
1.00  0.00  0.00  0.00  0.00  
1.00  0.00  0.00  0.00  0.00  
1.00  0.00  0.00  0.00  0.00  
1.00  0.00  0.00  0.00  0.00  
1.00  0.00  0.00  0.00  0.00  
1.00  0.00  0.00  0.00  0.00  
1.00  0.00  0.00  0.00  0.00  
1.00  0.00  0.00  0.00  0.00  
-9999.00  -9999.00  -9999.00  -9999.00  -9999.00  
1.00  0.00  0.00  0.00  0.00  
1.00  0.00  0.00  0.00  0.00  
1.00  0.00  0.00  0.00  0.00  
1.00  0.00  0.00  0.00  0.00  
1.00  0.00  0.00  0.00  0.00  
1.00  0.00  0.00  0.00  0.00  
1.00  0.00  0.00  0.00  0.00  
1.00  0.00  0.00  0.00  0.00  
1.00  0.00  0.00  0.00  0.00  
1.00  0.00  0.00  0.00  0.00  
1.00  0.00  0.00  0.00  0.00  
1.00  0.00  0.00  0.00  0.00  
1.00  0.00  0.00  0.00  0.00  
1.00  0.00  0.00  0.00  0.00  
-9999.00  -9999.00  -9999.00  -9999.00  -9999.00  
1.00  0.00  0.00  0.00  0.00  
1.00  0.00  0.00  0.00  0.00  
1.00  0.00  0.00  0.00  0.00  
1.00  0.00  0.00  0.00  0.00  
1.00  0.00  0.00  0.00  0.00  
1.00  0.00  0.00  0.00  0.00  
1.00  0.00  0.00  0.00  0.00  
1.00  0.00  0.00  0.00  0.00  
1.00  0.00  0.00  0.00  0.00  
1.00  0.00  0.00  0.00  0.00  
1.00  0.00  0.00  0.00  0.00  
1.00  0.00  0.00  0.00  0.00  
1.00  0.00  0.00  0.00  0.00  
1.00  0.00  0.00  0.00  0.00  
-9999.00  -9999.00  -9999.00  -9999.00  -9999.00  
1.00  0.00  0.00  0.00  0.00  
1.00  0.00  0.00  0.00  0.00  
1.00  0.00  0.00  0.00  0.00  
1.00  0.00  0.00  0.00  0.00  
1.00  0.00  0.00  0.00  0.00  
1.00  0.00  0.00  0.00  0.00  
1.00  0.00  0.00  0.00  0.00  
1.00  0.00  0.00  0.00  0.00  
1.00  0.00  0.00  0.00  0.00  
1.00  0.00  0.00  0.00  0.00  
1.00  0.00  0.00  0.00  0.00  
-9999.00  -9999.00  -9999.00  -9999.00  -9999.00  
1.00  0.00  0.00  0.00  0.00  
1.00  0.00  0.00  0.00  0.00  
1.00  0.00  0.00  0.00  0.00  
1.00  0.00  0.00  0.00  0.00  
1.00  0.00  0.00  0.00  0.00  
1.00  0.00  0.00  0.00  0.00  
1.00  0.00  0.00  0.00  0.00  
1.00  0.00  0.00  0.00  0.00  
1.00  0.00  0.00  0.00  0.00  
1.00  0.00  0.00  0.00  0.00  
1.00  0.00  0.00  0.00  0.00  
-9999.00  -9999.00  -9999.00  -9999.00  -9999.00  
1.00  0.00  0.00  0.00  0.00  
1.00  0.00  0.00  0.00  0.00  
1.00  0.00  0.00  0.00  0.00  
1.00  0.00  0.00  0.00  0.00  
1.00  0.00  0.00  0.00  0.00  
1.00  0.00  0.00  0.00  0.00  
1.00  0.00  0.00  0.00  0.00  
1.00  0.00  0.00  0.00  0.00  
1.00  0.00  0.00  0.00  0.00  
1.00  0.00  0.00  0.00  0.00  
1.00  0.00  0.00  0.00  0.00  
1.00  0.00  0.00  0.00  0.00  
1.00  0.00  0.00  0.00  0.00  
1.00  0.00  0.00  0.00  0.00  
1.00  0.00  0.00  0.00  0.00  
1.00  0.00  0.00  0.00  0.00  
1.00  0.00  0.00  0.00  0.00  
-9999.00  -9999.00  -9999.00  -9999.00  -9999.00  
1.00  0.00  0.00  0.00  0.00  
1.00  0.00  0.00  0.00  0.00  
1.00  0.00  0.00  0.00  0.00  
1.00  0.00  0.00  0.00  0.00  
1.00  0.00  0.00  0.00  0.00  
1.00  0.00  0.00  0.00  0.00  
1.00  0.00  0.00  0.00  0.00  
1.00  0.00  0.00  0.00  0.00  
1.00  0.00  0.00  0.00  0.00  
1.00  0.00  0.00  0.00  0.00  
1.00  0.00  0.00  0.00  0.00  
1.00  0.00  0.00  0.00  0.00  
1.00  0.00  0.00  0.00  0.00  
1.00  0.00  0.00  0.00  0.00  
-9999.00  -9999.00  -9999.00  -9999.00  -9999.00  
1.00  0.00  0.00  0.00  0.00  
1.00  0.00  0.00  0.00  0.00  
1.00  0.00  0.00  0.00  0.00  
1.00  0.00  0.00  0.00  0.00  
1.00  0.00  0.00  0.00  0.00  
1.00  0.00  0.00  0.00  0.00  
1.00  0.00  0.00  0.00  0.00  
1.00  0.00  0.00  0.00  0.00  
1.00  0.00  0.00  0.00  0.00  
1.00  0.00  0.00  0.00  0.00  
1.00  0.00  0.00  0.00  0.00  
1.00  0.00  0.00  0.00  0.00  
1.00  0.00  0.00  0.00  0.00  
1.00  0.00  0.00  0.00  0.00  
-9999.00  -9999.00  -9999.00  -9999.00  -9999.00  
1.00  0.00  0.00  0.00  0.00  
1.00  0.00  0.00  0.00  0.00  
1.00  0.00  0.00  0.00  0.00  
1.00  0.00  0.00  0.00  0.00  
1.00  0.00  0.00  0.00  0.00  
1.00  0.00  0.00  0.00  0.00  
1.00  0.00  0.00  0.00  0.00  
1.00  0.00  0.00  0.00  0.00  
1.00  0.00  0.00  0.00  0.00  
1.00  0.00  0.00  0.00  0.00  
1.00  0.00  0.00  0.00  0.00  
-9999.00  -9999.00  -9999.00  -9999.00  -9999.00  
1.00  0.00  0.00  0.00  0.00  
1.00  0.00  0.00  0.00  0.00  
1.00  0.00  0.00  0.00  0.00  
1.00  0.00  0.00  0.00  0.00  
1.00  0.00  0.00  0.00  0.00  
1.00  0.00  0.00  0.00  0.00  
1.00  0.00  0.00  0.00  0.00  
1.00  0.00  0.00  0.00  0.00  
1.00  0.00  0.00  0.00  0.00  
1.00  0.00  0.00  0.00  0.00  
1.00  0.00  0.00  0.00  0.00  
1.00  0.00  0.00  0.00  0.00  
1.00  0.00  0.00  0.00  0.00  
1.00  0.00  0.00  0.00  0.00  
1.00  0.00  0.00  0.00  0.00  
1.00  0.00  0.00  0.00  0.00  
-9999.00  -9999.00  -9999.00  -9999.00  -9999.00  
1.00  0.00  0.00  0.00  0.00  
1.00  0.00  0.00  0.00  0.00  
1.00  0.00  0.00  0.00  0.00  
1.00  0.00  0.00  0.00  0.00  
1.00  0.00  0.00  0.00  0.00  
1.00  0.00  0.00  0.00  0.00  
1.00  0.00  0.00  0.00  0.00  
1.00  0.00  0.00  0.00  0.00  
1.00  0.00  0.00  0.00  0.00  
1.00  0.00  0.00  0.00  0.00  
1.00  0.00  0.00  0.00  0.00  
1.00  0.00  0.00  0.00  0.00  
1.00  0.00  0.00  0.00  0.00  
1.00  0.00  0.00  0.00  0.00  
-9999.00  -9999.00  -9999.00  -9999.00  -9999.00  
1.00  0.00  0.00  0.00  0.00  
1.00  0.00  0.00  0.00  0.00  
1.00  0.00  0.00  0.00  0.00  
1.00  0.00  0.00  0.00  0.00  
1.00  0.00  0.00  0.00  0.00  
1.00  0.00  0.00  0.00  0.00  
1.00  0.00  0.00  0.00  0.00  
1.00  0.00  0.00  0.00  0.00  
1.00  0.00  0.00  0.00  0.00  
1.00  0.00  0.00  0.00  0.00  
1.00  0.00  0.00  0.00  0.00  
1.00  0.00  0.00  0.00  0.00  
1.00  0.00  0.00  0.00  0.00  
1.00  0.00  0.00  0.00  0.00  
1.00  0.00  0.00  0.00  0.00  
1.00  0.00  0.00  0.00  0.00  
1.00  0.00  0.00  0.00  0.00  
1.00  0.00  0.00  0.00  0.00  
1.00  0.00  0.00  0.00  0.00  
-9999.00  -9999.00  -9999.00  -9999.00  -9999.00  
1.00  0.00  0.00  0.00  0.00  
1.00  0.00  0.00  0.00  0.00  
1.00  0.00  0.00  0.00  0.00  
1.00  0.00  0.00  0.00  0.00  
1.00  0.00  0.00  0.00  0.00  
1.00  0.00  0.00  0.00  0.00  
1.00  0.00  0.00  0.00  0.00  
1.00  0.00  0.00  0.00  0.00  
1.00  0.00  0.00  0.00  0.00  
1.00  0.00  0.00  0.00  0.00  
1.00  0.00  0.00  0.00  0.00  
1.00  0.00  0.00  0.00  0.00  
1.00  0.00  0.00  0.00  0.00  
-9999.00  -9999.00  -9999.00  -9999.00  -9999.00  
1.00  0.00  0.00  0.00  0.00  
1.00  0.00  0.00  0.00  0.00  
1.00  0.00  0.00  0.00  0.00  
1.00  0.00  0.00  0.00  0.00  
1.00  0.00  0.00  0.00  0.00  
1.00  0.00  0.00  0.00  0.00  
1.00  0.00  0.00  0.00  0.00  
1.00  0.00  0.00  0.00  0.00  
1.00  0.00  0.00  0.00  0.00  
1.00  0.00  0.00  0.00  0.00  
1.00  0.00  0.00  0.00  0.00  
-9999.00  -9999.00  -9999.00  -9999.00  -9999.00  
1.00  0.00  0.00  0.00  0.00  
1.00  0.00  0.00  0.00  0.00  
1.00  0.00  0.00  0.00  0.00  
1.00  0.00  0.00  0.00  0.00  
1.00  0.00  0.00  0.00  0.00  
1.00  0.00  0.00  0.00  0.00  
1.00  0.00  0.00  0.00  0.00  
1.00  0.00  0.00  0.00  0.00  
1.00  0.00  0.00  0.00  0.00  
1.00  0.00  0.00  0.00  0.00  
1.00  0.00  0.00  0.00  0.00  
1.00  0.00  0.00  0.00  0.00  
1.00  0.00  0.00  0.00  0.00  
1.00  0.00  0.00  0.00  0.00  
-9999.00  -9999.00  -9999.00  -9999.00  -9999.00  
1.00  0.00  0.00  0.00  0.00  
1.00  0.00  0.00  0.00  0.00  
1.00  0.00  0.00  0.00  0.00  
1.00  0.00  0.00  0.00  0.00  
1.00  0.00  0.00  0.00  0.00  
1.00  0.00  0.00  0.00  0.00  
1.00  0.00  0.00  0.00  0.00  
1.00  0.00  0.00  0.00  0.00  
1.00  0.00  0.00  0.00  0.00  
1.00  0.00  0.00  0.00  0.00  
1.00  0.00  0.00  0.00  0.00  
1.00  0.00  0.00  0.00  0.00  
-9999.00  -9999.00  -9999.00  -9999.00  -9999.00  
1.00  0.00  0.00  0.00  0.00  
1.00  0.00  0.00  0.00  0.00  
1.00  0.00  0.00  0.00  0.00  
1.00  0.00  0.00  0.00  0.00  
1.00  0.00  0.00  0.00  0.00  
1.00  0.00  0.00  0.00  0.00  
1.00  0.00  0.00  0.00  0.00  
1.00  0.00  0.00  0.00  0.00  
1.00  0.00  0.00  0.00  0.00  
1.00  0.00  0.00  0.00  0.00  
1.00  0.00  0.00  0.00  0.00  
1.00  0.00  0.00  0.00  0.00  
1.00  0.00  0.00  0.00  0.00  
1.00  0.00  0.00  0.00  0.00  
1.00  0.00  0.00  0.00  0.00  
-9999.00  -9999.00  -9999.00  -9999.00  -9999.00  
1.00  0.00  0.00  0.00  0.00  
1.00  0.00  0.00  0.00  0.00  
1.00  0.00  0.00  0.00  0.00  
1.00  0.00  0.00  0.00  0.00  
1.00  0.00  0.00  0.00  0.00  
1.00  0.00  0.00  0.00  0.00  
1.00  0.00  0.00  0.00  0.00  
1.00  0.00  0.00  0.00  0.00  
1.00  0.00  0.00  0.00  0.00  
1.00  0.00  0.00  0.00  0.00  
-9999.00  -9999.00  -9999.00  -9999.00  -9999.00  
1.00  0.00  0.00  0.00  0.00  
1.00  0.00  0.00  0.00  0.00  
1.00  0.00  0.00  0.00  0.00  
1.00  0.00  0.00  0.00  0.00  
1.00  0.00  0.00  0.00  0.00  
1.00  0.00  0.00  0.00  0.00  
1.00  0.00  0.00  0.00  0.00  
1.00  0.00  0.00  0.00  0.00  
1.00  0.00  0.00  0.00  0.00  
1.00  0.00  0.00  0.00  0.00  
1.00  0.00  0.00  0.00  0.00  
1.00  0.00  0.00  0.00  0.00  
-9999.00  -9999.00  -9999.00  -9999.00  -9999.00  
1.00  0.00  0.00  0.00  0.00  
1.00  0.00  0.00  0.00  0.00  
1.00  0.00  0.00  0.00  0.00  
1.00  0.00  0.00  0.00  0.00  
1.00  0.00  0.00  0.00  0.00  
1.00  0.00  0.00  0.00  0.00  
1.00  0.00  0.00  0.00  0.00  
1.00  0.00  0.00  0.00  0.00  
1.00  0.00  0.00  0.00  0.00  
1.00  0.00  0.00  0.00  0.00  
1.00  0.00  0.00  0.00  0.00  
1.00  0.00  0.00  0.00  0.00  
-9999.00  -9999.00  -9999.00  -9999.00  -9999.00  
1.00  0.00  0.00  0.00  0.00  
1.00  0.00  0.00  0.00  0.00  
1.00  0.00  0.00  0.00  0.00  
1.00  0.00  0.00  0.00  0.00  
1.00  0.00  0.00  0.00  0.00  
1.00  0.00  0.00  0.00  0.00  
1.00  0.00  0.00  0.00  0.00  
1.00  0.00  0.00  0.00  0.00  
1.00  0.00  0.00  0.00  0.00  
1.00  0.00  0.00  0.00  0.00  
1.00  0.00  0.00  0.00  0.00  
1.00  0.00  0.00  0.00  0.00  
1.00  0.00  0.00  0.00  0.00  
-9999.00  -9999.00  -9999.00  -9999.00  -9999.00  
1.00  0.00  0.00  0.00  0.00  
1.00  0.00  0.00  0.00  0.00  
1.00  0.00  0.00  0.00  0.00  
1.00  0.00  0.00  0.00  0.00  
1.00  0.00  0.00  0.00  0.00  
1.00  0.00  0.00  0.00  0.00  
1.00  0.00  0.00  0.00  0.00  
1.00  0.00  0.00  0.00  0.00  
1.00  0.00  0.00  0.00  0.00  
1.00  0.00  0.00  0.00  0.00  
1.00  0.00  0.00  0.00  0.00  
-9999.00  -9999.00  -9999.00  -9999.00  -9999.00  
1.00  0.00  0.00  0.00  0.00  
1.00  0.00  0.00  0.00  0.00  
1.00  0.00  0.00  0.00  0.00  
1.00  0.00  0.00  0.00  0.00  
1.00  0.00  0.00  0.00  0.00  
1.00  0.00  0.00  0.00  0.00  
1.00  0.00  0.00  0.00  0.00  
1.00  0.00  0.00  0.00  0.00  
1.00  0.00  0.00  0.00  0.00  
1.00  0.00  0.00  0.00  0.00  
1.00  0.00  0.00  0.00  0.00  
1.00  0.00  0.00  0.00  0.00  
1.00  0.00  0.00  0.00  0.00  
1.00  0.00  0.00  0.00  0.00  
-9999.00  -9999.00  -9999.00  -9999.00  -9999.00  
1.00  0.00  0.00  0.00  0.00  
1.00  0.00  0.00  0.00  0.00  
1.00  0.00  0.00  0.00  0.00  
1.00  0.00  0.00  0.00  0.00  
1.00  0.00  0.00  0.00  0.00  
1.00  0.00  0.00  0.00  0.00  
1.00  0.00  0.00  0.00  0.00  
1.00  0.00  0.00  0.00  0.00  
1.00  0.00  0.00  0.00  0.00  
1.00  0.00  0.00  0.00  0.00  
1.00  0.00  0.00  0.00  0.00  
1.00  0.00  0.00  0.00  0.00  
1.00  0.00  0.00  0.00  0.00  
-9999.00  -9999.00  -9999.00  -9999.00  -9999.00  
1.00  0.00  0.00  0.00  0.00  
1.00  0.00  0.00  0.00  0.00  
1.00  0.00  0.00  0.00  0.00  
1.00  0.00  0.00  0.00  0.00  
1.00  0.00  0.00  0.00  0.00  
1.00  0.00  0.00  0.00  0.00  
1.00  0.00  0.00  0.00  0.00  
1.00  0.00  0.00  0.00  0.00  
1.00  0.00  0.00  0.00  0.00  
1.00  0.00  0.00  0.00  0.00  
1.00  0.00  0.00  0.00  0.00  
-9999.00  -9999.00  -9999.00  -9999.00  -9999.00  
