33331
33334
22224
22223
66610
66664
00225
00005
00006
66431
55554
55555
00000
44444
66666
00000
11555
-9999-9999-9999-9999-9999
33330
33435
33335
44444
11210
66662
00003
11002
44441
22226
22000
-9999-9999-9999-9999-9999
33330
33333
44336
33335
42436
22222
55555
22224
00000
22226
22221
11111
00666
-9999-9999-9999-9999-9999
33330
44446
33335
44441
11114
11112
66661
11415
44446
00003
66465
11116
33333
00000
66666
00000
22555
-9999-9999-9999-9999-9999
33330
33336
44345
33335
43131
22222
55555
22226
00000
00000
22221
22222
11112
11222
-9999-9999-9999-9999-9999
33336
33336
44346
33335
44445
11116
11114
44442
00003
22222
22444
-9999-9999-9999-9999-9999
33336
33331
22224
22226
22221
22226
55550
00000
00006
66664
33333
55550
55555
44440
44555
-9999-9999-9999-9999-9999
33336
33330
22220
33331
24426
44441
11115
44440
66666
00000
66666
44444
55550
55555
-9999-9999-9999-9999-9999
33330
33435
33335
44441
11213
11110
66665
22225
66665
44141
16134
16660
44444
55555
00000
00000
55555
55555
00000
55555
66666
-9999-9999-9999-9999-9999
33336
33330
22324
33331
22625
44441
11112
44446
00003
00005
33331
44441
55552
55444
-9999-9999-9999-9999-9999
33336
33336
43336
33345
44442
11114
11116
44443
00006
22220
22333
-9999-9999-9999-9999-9999
33336
33336
44436
33335
44446
11115
11110
00006
22225
22226
22666
-9999-9999-9999-9999-9999
33331
44445
44346
33334
00334
55551
22223
44441
44406
00000
00000
66666
66666
66666
11111
22211
15555
-9999-9999-9999-9999-9999
33336
22224
33321
22222
33333
66001
66666
66365
66665
66626
11616
44444
44444
15555
41444
55555
11111
11111
55511
61111
-9999-9999-9999-9999-9999
33335
33330
33331
33321
24625
44440
11115
44440
00006
66666
44444
44446
55554
55666
-9999-9999-9999-9999-9999
33335
33330
33331
33221
24425
44145
11111
44446
00005
00005
66065
44444
55556
55666
-9999-9999-9999-9999-9999
33336
33336
31130
11110
44445
33136
44445
66665
33330
22224
00000
00002
00004
22444
-9999-9999-9999-9999-9999
33330
33330
44346
33335
44446
11116
11116
44442
00004
22225
22224
22666
-9999-9999-9999-9999-9999
33336
33336
44346
33336
43235
44440
11111
00030
00005
00000
00000
11111
55555
66666
66666
11111
55552
11111
66666
22222
-9999-9999-9999-9999-9999
33330
33336
44346
33335
44434
44446
55551
22220
44444
00000
22220
11111
11222
-9999-9999-9999-9999-9999
33330
33330
44446
33335
44446
11115
00005
11112
22222
22226
22333
-9999-9999-9999-9999-9999
33336
33336
22321
33331
44430
44441
11111
44440
22222
00000
66665
44440
55555
55555
-9999-9999-9999-9999-9999
33331
33330
11110
44445
44442
44445
11110
44446
00001
22224
22224
22333
-9999-9999-9999-9999-9999
33336
33332
55556
33320
33336
22221
55556
22221
66660
44444
44111
-9999-9999-9999-9999-9999
33336
33333
43335
33345
44445
11110
00006
11116
22221
22226
22111
-9999-9999-9999-9999-9999
33330
33330
44346
33335
44140
22226
55555
22224
44444
00006
22226
11111
11000
-9999-9999-9999-9999-9999
33336
33330
22330
33332
66632
66654
55555
11110
66264
22224
22226
44444
55555
00000
00000
00005
55555
11111
-9999-9999-9999-9999-9999
33335
33336
11110
33346
44645
44446
11110
44440
00005
22222
22666
-9999-9999-9999-9999-9999
33330
22221
22221
33034
66330
65554
66660
33334
33332
00000
66666
66661
44444
44444
11111
00000
44441
00111
11555
-9999-9999-9999-9999-9999
33336
33334
26663
22223
22221
55552
55552
05544
55556
33302
22226
60000
60011
00000
00000
66666
66666
61611
44444
-9999-9999-9999-9999-9999
33336
33335
44446
33336
44443
11114
11113
44443
00001
22222
22444
-9999-9999-9999-9999-9999
33335
33336
22220
33331
22525
44440
55556
66336
66550
55555
66666
11111
11111
00000
00000
55555
00005
55555
44444
-9999-9999-9999-9999-9999
33330
33330
43332
33335
44445
11110
11114
44443
00006
22224
22444
-9999-9999-9999-9999-9999
33335
33330
23321
33331
22223
55551
55556
22223
66663
44445
44000
-9999-9999-9999-9999-9999
33330
33331
33336
33330
42245
22226
55556
22222
66664
66665
00001
22221
11113
11111
-9999-9999-9999-9999-9999
33331
44445
44432
33345
44445
11115
11113
44443
00004
22221
22221
22000
-9999-9999-9999-9999-9999
33330
33334
55554
55050
55553
11112
00006
11112
22221
00003
22223
22444
-9999-9999-9999-9999-9999
33331
33336
44445
33335
44135
22222
55551
22226
44444
00006
22222
11112
11666
-9999-9999-9999-9999-9999
33330
33333
44445
33336
44446
11114
11110
44442
00601
22222
22223
22555
-9999-9999-9999-9999-9999
33330
33336
22320
33330
22221
55551
44441
66660
61332
55555
44442
44000
-9999-9999-9999-9999-9999
33336
44435
33335
44444
11113
11110
66665
44421
33335
33334
11115
66660
22005
00000
-9999-9999-9999-9999-9999
33336
44445
44445
33334
33336
00002
00002
33334
33336
66666
00000
00001
66666
22222
66666
55555
22225
66555
55555
-9999-9999-9999-9999-9999
33336
33336
44436
33335
44445
11114
11110
00006
22224
22221
22333
-9999-9999-9999-9999-9999
33335
33336
44346
33335
44445
11115
11112
44442
00006
22223
22111
-9999-9999-9999-9999-9999
33330
44435
44346
44443
33333
66665
00004
33335
33060
22222
22222
55522
55555
55555
55555
25555
52522
12222
-9999-9999-9999-9999-9999
33336
33330
22225
33336
23630
44440
11110
44446
11116
66665
44555
55111
-9999-9999-9999-9999-9999
33330
44445
44436
33634
33336
00006
00005
55550
22225
66664
66664
44445
66666
00005
11111
11111
11111
22222
-9999-9999-9999-9999-9999
33336
33331
44336
33335
44443
11116
22220
00004
11110
22221
22555
-9999-9999-9999-9999-9999
33336
33330
33330
33321
22526
44440
11115
44444
00005
00001
66665
44445
55552
55111
-9999-9999-9999-9999-9999
33336
33336
33334
33331
22221
55551
55553
22223
66665
44446
44443
44333
-9999-9999-9999-9999-9999
33330
33330
44335
33335
23130
33335
44444
22222
11111
11111
00001
00666
-9999-9999-9999-9999-9999
33330
22221
33330
22222
55556
55556
00001
55551
22220
66665
00603
55550
33333
66666
00006
66666
11444
-9999-9999-9999-9999-9999
33330
22221
33331
22226
55552
55554
55554
44442
00000
22260
44446
55550
24444
22222
22222
66666
11666
11111
11166
11111
66666
-9999-9999-9999-9999-9999
33336
33330
43345
33330
44445
11110
11114
44441
00003
22223
22220
22333
-9999-9999-9999-9999-9999
33330
44446
44445
33634
00305
00004
00002
33332
33330
22222
00000
00005
66666
22222
22222
11111
66666
22222
66666
55555
-9999-9999-9999-9999-9999
33336
44445
44442
33335
00334
00003
11111
55552
00002
44432
33331
44444
44444
66666
66666
11116
44444
22222
-9999-9999-9999-9999-9999
33336
34435
33336
44440
11114
11113
66661
44445
44443
00002
66065
11115
44444
00000
00006
55222
-9999-9999-9999-9999-9999
33330
22220
33330
22222
55552
55551
00001
66662
66663
55551
06601
33331
55551
66666
00000
66666
11111
-9999-9999-9999-9999-9999
33335
22221
33331
22221
55553
33336
22226
33136
55550
33333
66666
54044
60000
00000
11444
-9999-9999-9999-9999-9999
33336
33330
22220
22226
22223
22056
00552
55550
66662
00006
66660
44444
44444
44444
-9999-9999-9999-9999-9999
33330
33336
22321
22221
33335
00001
11114
11111
00003
00444
-9999-9999-9999-9999-9999
33331
33330
33334
22223
66630
66661
66661
33310
51116
00001
00004
44444
66661
00000
44444
55555
55555
11444
-9999-9999-9999-9999-9999
33330
33336
22324
33331
44420
44444
11116
44442
00000
66666
44444
44445
55550
55555
-9999-9999-9999-9999-9999
33335
33336
22324
22225
25263
55053
00024
55556
00004
66464
44440
44444
44442
33000
11011
00000
11111
11111
66611
66666
11111
-9999-9999-9999-9999-9999
33332
22221
33331
22225
22221
00305
33335
44440
11111
11314
33331
00005
22225
00005
66666
44445
11555
-9999-9999-9999-9999-9999
33330
33331
22220
33331
22232
44441
11110
44446
11116
44555
55554
-9999-9999-9999-9999-9999
33330
33330
33332
33340
44446
11110
11114
44446
00006
22222
22111
-9999-9999-9999-9999-9999
33330
44435
44345
44042
00336
00002
00002
33336
33332
22222
66666
66660
66666
22222
00005
66662
55555
-9999-9999-9999-9999-9999
33336
33330
44446
33336
44445
11115
44442
11112
00001
22221
22221
22333
-9999-9999-9999-9999-9999
33336
33331
22220
33331
22220
55552
44440
55552
22221
44442
44333
-9999-9999-9999-9999-9999
33336
32230
33334
33331
66332
66660
55555
13052
66665
63434
32236
22222
22222
00000
00005
55555
00000
11111
-9999-9999-9999-9999-9999
33336
44046
44446
33335
44445
44445
55551
22220
66664
66665
00601
22225
11110
11333
-9999-9999-9999-9999-9999
33330
33331
33330
33331
22221
55550
55553
22220
66661
44442
44333
-9999-9999-9999-9999-9999
33330
33332
22231
22226
55556
26626
66662
00005
00404
00004
44444
66665
55555
44446
44444
-9999-9999-9999-9999-9999
33330
33333
22331
33430
22221
44444
11115
44442
00000
00000
44444
44446
55554
55444
-9999-9999-9999-9999-9999
33336
33330
55556
11114
11310
22224
11116
11116
33635
66666
66666
66666
66666
00000
66666
00004
42222
44000
-9999-9999-9999-9999-9999
33331
33330
44446
33335
33241
22225
55556
22220
66663
66665
00001
22220
11112
11444
-9999-9999-9999-9999-9999
33330
33330
33336
33336
33131
22222
55551
22224
66666
66666
00001
22222
11110
11222
-9999-9999-9999-9999-9999
33330
33336
23330
33331
22220
55554
55552
66663
44442
44443
44555
-9999-9999-9999-9999-9999
33336
33336
33336
33335
44440
11110
11112
44442
00001
22223
22333
-9999-9999-9999-9999-9999
33330
43445
44446
33331
00336
00006
00006
55550
44440
22222
00000
66666
66666
22222
66666
22222
55555
-9999-9999-9999-9999-9999
33336
33336
43336
33235
22236
22225
55551
22220
44444
66661
00001
22221
11111
11666
-9999-9999-9999-9999-9999
33330
33330
44445
33331
42246
22226
55551
22220
66665
66664
44441
22225
11116
11111
-9999-9999-9999-9999-9999
33330
33333
44345
33446
44445
11112
11113
44446
00004
22222
22333
-9999-9999-9999-9999-9999
33330
22221
33331
22222
55551
55554
00003
22223
22225
66665
00001
55551
33333
22220
66660
44444
-9999-9999-9999-9999-9999
33334
22221
22320
33331
22520
44444
11110
44445
66666
00000
44444
44445
55554
55555
-9999-9999-9999-9999-9999
33330
33336
44346
33345
44141
22226
11110
00002
00111
11111
00000
11111
55555
66666
66666
11111
55556
11111
22222
-9999-9999-9999-9999-9999
33330
33436
33336
42223
22222
22226
11113
11115
11115
66666
66666
55555
55333
-9999-9999-9999-9999-9999
33331
33330
44342
33335
44445
11116
44440
11112
00001
22220
22333
-9999-9999-9999-9999-9999
33336
33336
22331
33331
43434
44441
11110
44440
00005
66666
44444
44444
55550
55666
-9999-9999-9999-9999-9999
33335
33330
22320
33331
22220
55550
55556
22220
66665
44444
44444
44222
-9999-9999-9999-9999-9999
33330
33336
34436
44446
44112
11613
44440
11110
66666
00001
44441
00001
66662
22220
22555
-9999-9999-9999-9999-9999
33336
33336
44335
33335
33135
22222
55556
11111
22224
22222
-9999-9999-9999-9999-9999
33334
33333
33112
11614
11112
55550
66664
55551
44444
66666
44444
44333
-9999-9999-9999-9999-9999
33336
33336
11110
11110
11110
55556
66661
55555
44440
66666
44440
44000
-9999-9999-9999-9999-9999
33330
33330
55536
55550
11112
50003
00002
11116
22222
66665
00006
22225
22666
-9999-9999-9999-9999-9999
33336
33336
55554
33321
33330
22221
55555
22226
66665
44443
44444
-9999-9999-9999-9999-9999
33330
33332
22220
33331
23430
33333
22222
44441
11116
11111
11112
44440
11444
11116
-9999-9999-9999-9999-9999
33330
33336
33331
22225
22223
66661
55555
55553
00002
66660
66660
44444
44222
-9999-9999-9999-9999-9999
33336
33330
44442
44443
44445
11116
11112
44446
00005
22222
22111
-9999-9999-9999-9999-9999
