33336
33336
43335
33335
44446
11110
00003
11113
22225
22220
22333
-9999-9999-9999-9999-9999
33330
33336
11112
55556
33330
55526
22604
11111
66664
00002
22224
00304
11116
33336
55556
66664
22440
-9999-9999-9999-9999-9999
33330
44445
33335
44444
11114
11163
00601
44441
33335
44441
22223
22000
-9999-9999-9999-9999-9999
33336
33330
22224
33330
22221
55551
55554
22223
66663
66666
44444
44555
-9999-9999-9999-9999-9999
33330
44445
33336
44444
11110
11113
66663
44445
11115
33330
44440
66660
22000
00555
-9999-9999-9999-9999-9999
33330
33333
33331
22225
22220
22226
66665
55553
44444
44444
44445
00000
44444
22224
66664
55551
55555
11111
11111
-9999-9999-9999-9999-9999
33335
22220
33331
33330
00050
55552
55556
00003
44444
11113
11444
-9999-9999-9999-9999-9999
33331
33330
44436
33330
44445
11116
11114
44442
00004
22225
22000
-9999-9999-9999-9999-9999
33330
33330
22220
33331
23435
44440
11110
33660
66666
66666
11111
55555
55555
00055
55000
55555
14444
-9999-9999-9999-9999-9999
33336
33330
44441
33435
44446
11110
11116
44440
00006
22220
22666
-9999-9999-9999-9999-9999
33336
33330
33330
22226
55551
55556
00001
55550
66661
66662
00331
33334
22222
66666
00000
00004
11111
-9999-9999-9999-9999-9999
33336
33336
22330
33331
22221
55556
22221
55551
66662
44446
44666
-9999-9999-9999-9999-9999
33336
22221
23321
33331
22221
55550
55556
22223
66662
44440
44222
-9999-9999-9999-9999-9999
33336
33333
44446
33335
43146
22225
11110
33330
00111
11111
11111
55555
00000
66600
00600
00055
55555
-9999-9999-9999-9999-9999
33330
33333
44445
33335
22246
44446
11110
33332
30001
00002
11111
22225
22555
-9999-9999-9999-9999-9999
33330
22220
33333
22225
55551
55554
00001
55551
55051
00000
55555
22224
00004
44444
44444
-9999-9999-9999-9999-9999
33330
33330
22221
33331
22221
55551
55556
22220
66660
44444
44666
-9999-9999-9999-9999-9999
33330
33335
44336
44045
00334
00006
00006
55550
44440
33333
00000
22222
66666
22222
22222
22222
55116
-9999-9999-9999-9999-9999
33330
33330
23320
33331
24425
22221
55553
33634
66666
55551
22221
66666
22222
44440
00000
55550
44444
55555
44444
11111
11111
-9999-9999-9999-9999-9999
33336
33331
22330
22524
55550
22226
66664
00005
33336
00000
66666
44444
44444
44446
11114
11111
-9999-9999-9999-9999-9999
33336
33330
22320
22221
22221
55553
55550
22226
66665
66666
44442
44000
-9999-9999-9999-9999-9999
33330
44436
44430
33345
44446
11116
11112
00005
22226
22222
22111
-9999-9999-9999-9999-9999
33336
33336
44346
33335
44446
11114
11113
44446
00006
00000
22222
22333
-9999-9999-9999-9999-9999
33330
33333
33330
33331
22220
55551
55556
22224
66661
44446
44111
-9999-9999-9999-9999-9999
33336
44445
44335
33634
00034
10002
00002
55552
44446
22222
00000
22222
66666
22222
22222
66666
11111
61666
55555
-9999-9999-9999-9999-9999
33330
33336
44442
33435
44446
11114
11114
44441
00005
22223
22444
-9999-9999-9999-9999-9999
33331
33334
55536
33334
23234
66664
66664
55554
44444
44445
00000
44444
44444
22224
55554
55444
44555
-9999-9999-9999-9999-9999
33335
33335
44446
33334
03336
00016
00005
55550
44440
44444
00001
66666
66666
22222
22222
66666
11111
66666
55555
-9999-9999-9999-9999-9999
33336
33336
22220
22226
22223
22220
66664
44443
00004
55552
66666
44446
44333
-9999-9999-9999-9999-9999
33330
33336
22320
22225
22223
55551
55550
00004
33333
66661
22222
22222
11111
55550
44442
44000
-9999-9999-9999-9999-9999
33330
33334
22336
33331
22224
55553
55556
22223
66660
44444
44444
-9999-9999-9999-9999-9999
33336
33330
22325
33331
22221
55550
66661
55552
44441
44441
44666
-9999-9999-9999-9999-9999
33330
33336
44336
44441
11112
44440
00002
66664
33334
66660
11116
00001
22222
66665
22220
22222
-9999-9999-9999-9999-9999
33330
33330
55556
22224
23236
66665
00004
22626
33331
66666
22222
22222
11111
00000
55555
00445
44444
-9999-9999-9999-9999-9999
33330
33336
22224
33331
22525
44444
11116
44440
22222
66660
55550
44556
55555
-9999-9999-9999-9999-9999
33330
22220
33330
33330
22221
55550
66661
55553
44440
44444
44000
-9999-9999-9999-9999-9999
33336
44445
33335
33335
44141
22222
55556
22220
66661
00000
22222
22221
11111
11000
-9999-9999-9999-9999-9999
33330
44446
33336
44444
44445
55664
66660
22520
55561
22220
44440
66666
11111
11111
22222
-9999-9999-9999-9999-9999
33330
33330
22320
33331
22220
55556
55553
22225
66462
44440
44444
-9999-9999-9999-9999-9999
33335
33330
44346
33335
44445
11110
11110
44442
00003
22220
22111
-9999-9999-9999-9999-9999
33335
33336
11132
33346
44442
44445
11114
44442
00006
22222
22555
-9999-9999-9999-9999-9999
33330
33336
22331
33330
22221
55551
55553
66660
44441
44442
44222
-9999-9999-9999-9999-9999
33336
33330
44336
44441
14442
44442
00002
66664
33332
66666
00000
22222
22222
55551
11111
11222
22111
-9999-9999-9999-9999-9999
33336
33336
44441
33335
43236
22222
55555
22222
44441
00001
11114
22111
11444
-9999-9999-9999-9999-9999
33330
22621
33334
22222
55552
55552
00005
55520
55056
55553
33333
33336
44444
44111
-9999-9999-9999-9999-9999
33330
33330
22320
33335
24430
44440
55550
66666
66666
66666
66666
11111
11111
00000
00000
55555
55550
11000
44444
-9999-9999-9999-9999-9999
33330
33331
22321
33431
22220
55551
55552
22223
66461
44444
44111
-9999-9999-9999-9999-9999
33336
33330
44330
33335
43446
44446
55556
44141
00001
11111
22226
11115
11111
66661
66665
66112
11111
-9999-9999-9999-9999-9999
33330
33330
44335
33335
43445
22222
55551
22224
44444
00006
11114
22226
11111
-9999-9999-9999-9999-9999
33336
33336
22231
33331
22220
55550
55556
22224
66665
44442
44666
-9999-9999-9999-9999-9999
33336
33330
22220
33331
22223
55556
55551
22220
66665
44445
44111
-9999-9999-9999-9999-9999
33331
33336
44445
33335
44445
11115
44445
11113
00004
00000
22223
22111
-9999-9999-9999-9999-9999
33335
33331
22330
33331
22220
55553
44441
55550
22221
44444
44555
-9999-9999-9999-9999-9999
33336
33330
22221
33221
22221
55551
55556
22223
66460
44446
44222
-9999-9999-9999-9999-9999
33336
33330
44336
44442
44412
11113
11110
66664
33332
00005
44446
44444
55555
11110
22226
22000
-9999-9999-9999-9999-9999
33335
44246
44346
33335
44446
11115
11112
44443
00004
22222
22333
-9999-9999-9999-9999-9999
33330
44436
33335
44443
44444
11113
33532
44511
11111
00005
44224
44441
22221
22226
-9999-9999-9999-9999-9999
33336
33330
44445
33335
44446
11115
11114
44445
00004
22223
22111
-9999-9999-9999-9999-9999
33330
33336
44342
33335
44446
11113
11114
00006
22222
22221
22222
-9999-9999-9999-9999-9999
33335
33336
11112
43340
44445
44445
11113
44441
00004
22222
22000
-9999-9999-9999-9999-9999
33331
33335
22230
33331
22223
55556
66661
66001
00000
55552
55555
44444
44222
-9999-9999-9999-9999-9999
33336
33331
44446
44442
33331
66665
55554
66666
66661
55555
55555
-9999-9999-9999-9999-9999
33336
33336
22325
33331
24530
44441
11110
32220
66665
22222
44444
44440
55551
00000
00005
00550
55555
-9999-9999-9999-9999-9999
33335
33330
44445
33335
44445
11110
11113
44445
00004
22226
22223
22444
-9999-9999-9999-9999-9999
33330
33336
33336
33335
44446
11114
11113
44443
00206
22220
22111
-9999-9999-9999-9999-9999
33336
33330
43331
33335
22145
44440
55551
33331
30000
00000
11111
11111
11111
66616
11666
11111
22222
-9999-9999-9999-9999-9999
33336
22221
33331
22225
22226
11103
33335
66665
33335
00105
22225
00606
44444
44455
44444
44444
11111
55555
44444
11111
11111
-9999-9999-9999-9999-9999
33336
33231
33331
22222
55553
55554
00005
22226
55556
55556
55555
00000
66666
00000
00000
66666
11111
-9999-9999-9999-9999-9999
33335
33336
22320
33331
23425
44441
55550
66636
66505
66661
55554
44444
44222
-9999-9999-9999-9999-9999
33331
33330
22221
33330
22220
33331
22124
33360
55555
66666
55555
55555
55555
00055
55500
55511
14444
-9999-9999-9999-9999-9999
33330
33330
44445
33335
44443
11116
11111
44446
00002
22221
22333
-9999-9999-9999-9999-9999
33336
33336
44446
33335
44141
44446
11116
33332
11116
33330
00000
22223
22333
-9999-9999-9999-9999-9999
33335
22621
33324
33032
66362
11115
44442
22520
66660
33353
66666
00000
00000
66665
44444
06000
11111
-9999-9999-9999-9999-9999
33336
44445
44446
44442
33335
33332
55554
55552
66664
55555
55555
-9999-9999-9999-9999-9999
33331
33336
22334
33331
22221
55556
55552
66660
44441
44441
44111
-9999-9999-9999-9999-9999
33336
44445
33336
44440
11210
11110
66663
11115
11110
11111
33333
66666
00000
66666
66660
00000
55222
-9999-9999-9999-9999-9999
33336
44445
33335
44445
44443
00003
44146
55254
55555
33333
33331
44445
06602
22222
66666
16666
11111
66666
66166
56666
55555
-9999-9999-9999-9999-9999
33336
44445
33332
44444
11113
11113
66665
11110
11115
33335
11110
33330
66666
22222
22555
-9999-9999-9999-9999-9999
33336
33330
22220
33331
22223
55550
55552
22225
66660
44441
44555
-9999-9999-9999-9999-9999
33336
33330
33336
33335
44441
11114
11112
44442
00003
22223
22000
-9999-9999-9999-9999-9999
33336
44435
33335
44444
11110
11114
66665
44446
11116
33335
11115
66660
22222
00222
-9999-9999-9999-9999-9999
33335
23231
23321
33331
22221
55554
55552
22225
66461
44445
44444
-9999-9999-9999-9999-9999
33330
33335
33354
11116
33336
41410
44641
00000
55552
66661
66662
00000
44444
55555
11111
11111
44110
11000
22220
-9999-9999-9999-9999-9999
33336
33336
44346
33335
33136
11110
44444
00006
03333
00006
11115
65566
55566
66611
11666
11155
55555
-9999-9999-9999-9999-9999
33330
33631
22230
33331
22220
55551
55556
22225
66663
44444
44444
-9999-9999-9999-9999-9999
33330
33331
33331
22222
55551
55552
00005
55552
55051
00005
55555
00006
44444
44111
-9999-9999-9999-9999-9999
33331
33330
44445
33435
22232
22225
11110
00036
00006
11111
00000
55555
62266
22226
11661
11111
55555
-9999-9999-9999-9999-9999
33330
33330
33332
33330
44442
11110
11110
44443
00002
22222
22666
-9999-9999-9999-9999-9999
33336
33336
22331
33331
22220
55550
66661
55552
44442
44441
44666
-9999-9999-9999-9999-9999
33336
33334
44332
44442
33304
00006
00002
55555
44441
22222
00000
22222
66666
22222
22221
22222
55116
-9999-9999-9999-9999-9999
33336
33330
33331
33331
43531
55252
22226
33334
55556
55550
44443
44000
-9999-9999-9999-9999-9999
33330
33330
44336
33335
43235
22226
55551
33336
11111
00000
11111
11111
11111
66611
11666
11122
22222
-9999-9999-9999-9999-9999
33330
33330
44335
33336
44446
11110
11110
44442
00004
22221
22111
-9999-9999-9999-9999-9999
33330
33330
44342
33335
44445
11114
44443
11113
00006
22225
22224
22111
-9999-9999-9999-9999-9999
33330
22221
33221
33034
66332
66664
66260
33034
33331
00000
00004
22222
66666
55555
66666
66666
66664
00000
11111
-9999-9999-9999-9999-9999
33336
33330
22330
22224
22220
22223
66664
55554
44444
44444
44444
44111
-9999-9999-9999-9999-9999
33335
33330
44345
33335
43145
22223
11110
00430
11110
03332
00001
22222
22333
-9999-9999-9999-9999-9999
33336
33331
44335
33335
43136
22226
55551
33336
00006
22222
22222
22221
00001
11110
11111
-9999-9999-9999-9999-9999
33336
33336
44346
44043
00336
00006
11110
55552
00401
44442
66662
66662
11111
44445
44444
66662
66666
22222
-9999-9999-9999-9999-9999
33331
33330
33310
11616
55550
66660
55553
44440
44443
44444
44446
55550
22222
22220
22222
-9999-9999-9999-9999-9999
