33330
33333
33231
33330
33333
33333
44440
44440
22222
22221
11111
00000
00000
00000
11111
66666
60000
66655
56666
-9999-9999-9999-9999-9999
33336
33336
33330
33430
33336
33330
44441
44440
66666
00000
00000
00000
11111
22222
66222
66666
22222
22222
25555
55555
-9999-9999-9999-9999-9999
33330
33330
33336
33331
33433
33332
44444
44440
00006
22220
11111
00000
00000
00000
11111
66666
61111
66666
55555
-9999-9999-9999-9999-9999
33330
33330
33231
33434
33333
33333
44440
44440
22226
00000
00000
11111
11111
22226
62222
22266
22222
22222
22222
-9999-9999-9999-9999-9999
33336
33330
33336
33446
33335
33331
44444
44444
44444
00000
00000
00000
11111
22222
62222
22266
22222
22222
55555
55555
-9999-9999-9999-9999-9999
33330
33330
33231
33330
33336
33336
44442
66665
66661
22220
22222
11111
66600
66666
66666
66666
11111
-9999-9999-9999-9999-9999
33330
33336
33330
33231
33330
22223
44440
22221
33335
66664
33335
60000
05555
55555
55000
55555
55555
55511
55555
-9999-9999-9999-9999-9999
33331
44445
44446
33635
00336
00104
11114
55552
00002
44442
44044
66666
66666
00000
00005
66661
11111
22222
-9999-9999-9999-9999-9999
33336
33336
33336
33430
33331
33333
44442
44441
00001
00002
66666
00000
11111
22222
66222
62222
66666
66655
55555
-9999-9999-9999-9999-9999
33330
33330
33330
33236
33334
33336
22225
22226
00000
66666
66666
66666
55555
44444
04444
00000
44444
44411
14444
-9999-9999-9999-9999-9999
33331
33330
33335
33230
33330
33333
22226
22222
44444
44440
55555
66666
66666
66666
66666
55555
00000
00011
10000
-9999-9999-9999-9999-9999
33330
33330
33335
33436
33330
22222
44444
22221
03336
33333
60006
00000
00066
00066
00000
00000
55555
-9999-9999-9999-9999-9999
33330
33334
33435
33441
33333
33333
22220
22226
00000
66665
66666
66666
55555
44444
00444
00400
44444
44444
44444
-9999-9999-9999-9999-9999
33336
33336
33336
33442
33336
33332
44440
44446
66660
00000
00000
00000
11111
22222
66222
66662
66666
66655
55555
-9999-9999-9999-9999-9999
33330
22220
33330
22222
55553
55552
00005
22221
66661
55651
00606
55556
00004
00000
22222
66666
11111
-9999-9999-9999-9999-9999
33330
33435
33335
44441
11110
11114
66665
11116
44446
00005
66060
11115
66665
33333
66666
00005
22222
-9999-9999-9999-9999-9999
33331
33334
33332
33430
33336
33331
44440
44440
00000
22222
11111
00000
00000
00000
11111
66666
61111
66666
56666
-9999-9999-9999-9999-9999
33336
33333
33333
33231
33333
33333
22222
22220
00006
66666
66666
66666
55555
44444
04444
44440
44444
44444
11111
-9999-9999-9999-9999-9999
33330
33330
33336
33436
33336
33336
44446
44444
66660
00001
00000
00000
11111
22222
22226
66662
66666
66655
55555
-9999-9999-9999-9999-9999
33330
33330
33336
33431
33333
22222
44443
22220
22221
42004
60000
00000
00066
00066
00000
00055
55555
-9999-9999-9999-9999-9999
33336
33436
33335
44444
11214
66114
15111
22230
22221
33333
44444
66662
55556
55550
55551
55555
55555
-9999-9999-9999-9999-9999
33336
22221
33330
22222
55551
55552
00001
22221
22225
66663
00603
55552
00006
00001
22226
66666
11444
-9999-9999-9999-9999-9999
33330
44446
33335
44445
11113
11110
66665
00003
00005
11112
66015
33332
11111
00000
22222
22222
55555
55555
55555
55555
00000
-9999-9999-9999-9999-9999
33336
33330
33436
33446
33330
22226
44446
22221
33334
33333
60066
00000
60066
00006
00000
00055
55555
-9999-9999-9999-9999-9999
33331
44445
33332
44444
11113
11115
66665
11115
22645
66660
11112
33330
22222
33333
00000
55555
55566
66666
00000
00000
00000
-9999-9999-9999-9999-9999
33330
33333
33330
33430
33330
33333
44444
44446
00000
22226
11111
00000
22222
22222
22222
55555
22226
00000
66222
11111
-9999-9999-9999-9999-9999
33336
33330
33232
33331
33333
44446
22224
44442
33333
64660
06666
66606
66600
66600
66666
66666
55555
-9999-9999-9999-9999-9999
33330
33336
33336
33440
33336
33331
44446
44440
00000
00002
44444
11116
11111
22222
22266
22266
22222
22255
22222
55555
-9999-9999-9999-9999-9999
33331
33333
33336
33235
33332
33336
22222
22222
44444
44444
55555
66666
44444
44444
44444
11111
44444
66666
11666
55555
-9999-9999-9999-9999-9999
33336
33435
33336
44444
11214
11112
66663
00001
00005
11115
66665
33335
44444
66666
66666
00000
22555
-9999-9999-9999-9999-9999
33331
22221
33331
22222
22223
44443
11111
22224
33330
11116
11111
11111
-9999-9999-9999-9999-9999
33336
33333
33231
33230
33334
33332
44440
44444
22222
22226
11111
00000
22222
22222
22226
55555
22222
00000
00222
11111
-9999-9999-9999-9999-9999
33336
33330
33330
33331
33336
44444
22224
44442
33331
44460
06606
66606
06600
66600
66666
66666
55555
-9999-9999-9999-9999-9999
33330
44446
33335
44444
11213
11112
66665
11115
00003
11110
44444
22222
22222
66660
66666
00000
00000
00000
55555
55555
55555
-9999-9999-9999-9999-9999
33330
33330
33336
33435
33336
33333
44444
44440
00000
22226
11111
00000
00000
00000
11111
66666
61111
66655
55555
-9999-9999-9999-9999-9999
33336
33336
33330
33232
33330
22225
44441
22224
33332
40006
60066
00060
00066
00066
00000
00055
55555
-9999-9999-9999-9999-9999
33330
33336
33331
33336
33333
33332
22220
22222
44445
44440
55555
66666
66666
66666
55555
00000
06606
00011
10000
-9999-9999-9999-9999-9999
33331
33336
33335
44444
11210
11114
66663
11444
44443
00005
66665
11110
66665
00002
44444
00000
22555
-9999-9999-9999-9999-9999
33334
33330
33330
33236
33335
22224
44442
22221
22222
33336
60000
00060
00066
00066
00000
00011
51111
-9999-9999-9999-9999-9999
33330
22220
33331
22225
55453
55552
00001
55551
22226
66664
00601
55552
00006
22222
22226
66661
11444
-9999-9999-9999-9999-9999
33330
33333
33220
33330
33336
33333
44440
44440
22222
22222
11111
00000
00000
00000
11111
66666
60000
66655
55555
-9999-9999-9999-9999-9999
33336
33336
33336
33430
33332
33330
44440
44444
44441
00000
00000
00000
11111
22222
62222
22266
22222
22222
52222
-9999-9999-9999-9999-9999
33331
33333
33336
33435
33330
44446
22224
44446
33330
33333
06660
66666
06600
66600
66666
66666
51111
-9999-9999-9999-9999-9999
33330
33336
33336
33435
33330
33333
44441
66666
22222
22222
11111
00000
22222
22220
22222
55555
22225
00000
05000
11111
-9999-9999-9999-9999-9999
33330
33330
33336
33231
33333
33333
22220
22220
66662
66660
00000
66666
55555
44444
00404
00440
44444
44411
14444
-9999-9999-9999-9999-9999
33330
23631
22230
33333
66332
66664
55550
11114
66660
62262
22225
66666
66666
00000
00000
66660
66666
11111
-9999-9999-9999-9999-9999
33336
33330
33330
33335
33330
44444
22224
44445
33330
44664
06666
66606
66600
66660
66666
66666
51111
-9999-9999-9999-9999-9999
33331
33331
33330
33336
33331
55554
22523
11111
11114
55556
00404
44444
11114
55554
44441
44666
-9999-9999-9999-9999-9999
33330
33330
33330
33330
33336
33332
22226
22222
44440
44445
55555
66666
66666
66666
55555
00000
05555
00011
10000
-9999-9999-9999-9999-9999
33336
33330
33336
33331
33331
55554
22226
44440
55555
44442
44666
-9999-9999-9999-9999-9999
33330
33336
33330
33435
33333
33331
44442
44446
44444
00000
22222
22222
00000
00000
00000
11111
66666
66655
56666
-9999-9999-9999-9999-9999
33336
33330
33330
33331
33330
33334
22222
22220
44444
44445
55555
66666
66666
66666
55555
00000
06666
00000
11111
-9999-9999-9999-9999-9999
33330
33332
33435
33235
33333
22225
44442
22223
00004
33333
60000
00060
00066
00000
00000
00000
55555
-9999-9999-9999-9999-9999
33336
33336
33330
33436
33333
33330
44444
44444
22222
22222
11111
00000
00000
00000
11111
66666
61161
66666
55555
-9999-9999-9999-9999-9999
33331
33330
33336
33236
33330
22225
44442
22221
33336
00006
05500
05500
55555
55555
66666
66666
11111
-9999-9999-9999-9999-9999
33335
33336
33335
33435
33336
33335
22222
22225
22222
66666
66665
66666
55555
44444
04444
44400
44444
44444
41111
-9999-9999-9999-9999-9999
33336
33330
33330
33236
33330
22226
44445
22224
33336
04444
66060
05500
55555
55555
66666
66611
11111
-9999-9999-9999-9999-9999
33330
33530
33331
22222
55553
55551
00001
66665
66661
55331
33331
33331
55554
55555
22222
66664
11444
-9999-9999-9999-9999-9999
33330
33333
33333
32241
33333
33336
22220
22220
22222
66666
66666
66666
55555
44444
04444
44440
44444
44444
41111
-9999-9999-9999-9999-9999
33336
33336
33336
33436
33333
33336
44446
44444
00001
00000
66666
00000
11111
22222
22226
22666
22222
22222
22222
55555
-9999-9999-9999-9999-9999
33330
44446
33336
44442
11114
33531
44444
33515
66664
55333
-9999-9999-9999-9999-9999
33330
33336
33330
33430
33336
33333
44441
44446
66666
00000
00000
00000
11111
22222
66222
26266
66666
66655
55555
-9999-9999-9999-9999-9999
33336
33336
33330
33331
33334
55556
22225
44446
55550
66662
44444
43444
44444
55555
11111
00000
66666
00011
11000
00000
00000
-9999-9999-9999-9999-9999
33330
33336
33333
33434
33331
44441
22224
44446
33331
33330
06666
66606
66600
66600
66666
66666
55555
-9999-9999-9999-9999-9999
33336
33336
33336
33231
33333
22222
44443
22220
33333
33333
60000
00060
00066
00066
00000
00000
15555
-9999-9999-9999-9999-9999
33330
33336
33336
33330
33332
11111
44444
22220
11111
22223
22222
-9999-9999-9999-9999-9999
33336
33336
33330
33332
33335
55554
22226
44440
22226
66666
55555
55555
44444
44666
-9999-9999-9999-9999-9999
33330
33335
33336
33335
33336
33333
44441
44444
00001
00006
44444
11116
11111
22222
62222
62266
22222
22222
52222
-9999-9999-9999-9999-9999
33335
44445
33335
44444
44442
55554
00204
22221
00305
00006
11111
11000
-9999-9999-9999-9999-9999
33335
33333
33330
33446
33333
11113
44440
11115
33333
11111
55555
22222
22111
-9999-9999-9999-9999-9999
33330
33330
33336
33430
33331
44446
22222
44442
33330
00002
33331
66666
66111
66111
66111
11111
11155
55555
-9999-9999-9999-9999-9999
33330
44441
33335
44440
11513
11110
66661
11446
44446
00002
66065
11113
66665
66666
44444
00000
22555
-9999-9999-9999-9999-9999
33330
33330
33336
33430
33333
44444
22224
44446
33333
66660
00600
61166
11116
11111
00000
00011
11111
-9999-9999-9999-9999-9999
33336
33330
33230
33330
33333
44446
22223
44446
33333
33330
06660
66666
06600
66600
66666
66655
11111
-9999-9999-9999-9999-9999
33330
33336
33336
33235
33330
33330
22226
22220
66662
66665
00000
66666
55555
44444
00444
44444
44444
44411
11111
-9999-9999-9999-9999-9999
33336
22221
33330
22225
55454
55556
00001
22225
66661
55331
00666
55532
00001
00000
22226
66666
44111
-9999-9999-9999-9999-9999
33330
44445
33335
44440
11114
11112
66665
44445
44445
00005
66665
11115
66665
33333
44440
00000
55222
-9999-9999-9999-9999-9999
33330
33334
33330
33335
33335
11112
44440
22220
11111
22222
22333
-9999-9999-9999-9999-9999
33336
33330
33336
33416
33333
44441
22220
44446
33334
33333
06606
66606
66600
66600
66666
66655
15555
-9999-9999-9999-9999-9999
33330
44435
33336
44444
11114
11114
66665
11115
44643
44446
66662
66666
22222
22555
-9999-9999-9999-9999-9999
33330
44446
33335
44444
11213
11115
66661
11445
22223
00006
33333
44444
00000
00000
00006
22555
-9999-9999-9999-9999-9999
33336
33330
33330
33430
33336
44444
22222
44446
33336
00002
33330
66666
66166
66111
66666
11111
11155
15555
-9999-9999-9999-9999-9999
33330
22226
33330
22222
55552
55553
00001
55254
22225
66660
00306
55550
33333
44444
23343
22222
00111
11111
66111
11111
11111
-9999-9999-9999-9999-9999
33330
33333
33330
33320
33330
33332
22222
22222
66666
44440
55555
66666
66666
66666
55555
00000
06666
00011
11111
-9999-9999-9999-9999-9999
33330
44445
33332
44444
11114
11112
00001
44442
33335
44443
22226
22444
-9999-9999-9999-9999-9999
33331
33330
33330
33230
33331
33333
44442
44444
66660
22222
22222
11111
66600
66666
66666
66666
55555
-9999-9999-9999-9999-9999
33330
33336
33330
33435
33331
33332
44444
44444
66666
00000
00000
00000
11111
22222
66222
66662
66666
66655
55555
55555
-9999-9999-9999-9999-9999
33336
33336
33330
33335
33333
44443
22224
44442
33333
44660
06606
66666
06600
66666
66666
66655
55555
-9999-9999-9999-9999-9999
33336
33330
33435
33436
33334
33333
22222
22220
00000
66666
66666
66666
55555
44444
00444
00000
44444
44444
41111
11111
-9999-9999-9999-9999-9999
33330
33330
33330
33432
33333
33333
44446
44446
00001
00000
44444
11111
11111
22220
62222
22266
22222
22222
55555
-9999-9999-9999-9999-9999
33331
22221
22230
33332
66662
56651
55551
11164
66265
22324
33332
44444
00000
00000
00000
00005
00000
44444
-9999-9999-9999-9999-9999
33336
33336
33336
33436
33336
22225
44442
22220
33330
66666
33336
60060
05525
55550
55000
55555
55555
55555
51111
-9999-9999-9999-9999-9999
33336
22220
33334
22225
55456
00004
66661
22222
33335
22225
44445
44666
-9999-9999-9999-9999-9999
33330
33330
33530
33430
33331
33333
44440
44446
00000
22222
11111
00000
00000
00000
11111
66666
60060
66666
55555
-9999-9999-9999-9999-9999
33330
33330
33336
33236
33330
33334
22222
22226
44440
44440
55555
00000
44444
44440
44444
11111
11114
66666
11666
55555
-9999-9999-9999-9999-9999
33330
33330
33331
33330
33331
33333
44444
44440
22224
22222
22222
11111
06600
66600
66666
66611
11111
-9999-9999-9999-9999-9999
33336
33330
33330
33434
33334
44444
22226
44445
46662
44660
06666
66666
66600
66600
66666
66655
11111
-9999-9999-9999-9999-9999
33330
33330
33335
33435
33333
22222
44446
22220
33336
40000
60060
00000
00066
00066
00000
00000
11111
-9999-9999-9999-9999-9999
33331
33330
33330
33221
33331
55553
22226
44446
33336
44444
66666
66666
44444
44444
11111
00000
00000
00666
00000
66666
66666
-9999-9999-9999-9999-9999
33336
33330
33231
33330
33331
33333
44444
44440
00000
22222
11111
22222
00000
00000
11111
66666
60000
66666
56666
-9999-9999-9999-9999-9999
