33333
22232
52211
43333
33332
22222
44444
22226
00320
00020
04446
06606
06666
06660
00000
00055
11111
-9999-9999-9999-9999-9999
33333
33333
22235
22222
55555
55555
00220
55256
62226
66666
36354
00232
66331
46050
43322
55555
11444
-9999-9999-9999-9999-9999
33333
34433
44334
44444
11111
11111
66246
00200
00000
11113
63666
66366
66111
66606
26666
00000
22555
-9999-9999-9999-9999-9999
33333
24424
53232
43333
33332
33433
22222
44622
46566
44444
55500
56006
55050
55665
56666
55555
16600
10011
01111
-9999-9999-9999-9999-9999
33333
34444
40330
44444
11111
11116
66640
11144
00002
22121
22644
22326
22222
62222
66006
00000
06006
00505
55555
55555
00000
-9999-9999-9999-9999-9999
33333
22444
14433
23334
33333
44444
22222
44444
64320
64646
62202
60000
60000
60066
66666
66611
55555
-9999-9999-9999-9999-9999
33333
23232
14444
13333
33334
33333
44444
22646
20200
22222
00106
00660
11206
11622
11201
55555
10000
00000
00222
11111
-9999-9999-9999-9999-9999
33333
34433
44313
44444
11111
66611
00000
00664
66662
04642
02221
22666
-9999-9999-9999-9999-9999
33333
43232
52234
43334
33333
55255
22244
55555
55364
44655
11111
44441
44444
-9999-9999-9999-9999-9999
33333
24432
14433
23334
33333
33343
44444
22622
26626
60000
62021
62111
11121
21022
21111
22626
62222
66655
55555
55555
-9999-9999-9999-9999-9999
33331
23443
13443
23333
33335
11141
44444
22221
11111
11011
00011
00200
22222
22222
55555
66555
66606
66066
00000
66666
66666
-9999-9999-9999-9999-9999
33333
43433
14434
23332
33332
34333
44444
22641
20222
22221
00101
00000
11100
10200
11111
66616
66666
66666
65555
-9999-9999-9999-9999-9999
33333
43434
14443
23331
33336
44444
22222
44444
33366
64644
62222
60000
60000
60066
66666
66655
15555
-9999-9999-9999-9999-9999
33333
23233
52232
43333
33334
22222
44442
22222
00220
00020
04444
06660
06666
06660
00000
00011
55555
-9999-9999-9999-9999-9999
33343
44434
62424
63333
33333
44444
22222
44430
44336
63633
62200
60000
60000
60000
66666
66611
11111
-9999-9999-9999-9999-9999
33334
33222
23222
33333
66646
66566
55555
61165
66264
22464
02662
55464
65565
00000
00000
00005
55555
11111
-9999-9999-9999-9999-9999
33333
43434
03244
03344
33332
22222
44244
22222
02220
02020
04446
06606
06666
06606
00000
00011
11111
-9999-9999-9999-9999-9999
33333
43433
02233
03333
33333
33330
22222
44025
46666
44444
66556
66560
55665
65455
60000
60000
60066
66611
61111
11111
-9999-9999-9999-9999-9999
33333
44434
52232
43333
33333
32232
22222
44220
46446
44444
66565
66566
55565
56466
55555
00066
00000
00000
01111
-9999-9999-9999-9999-9999
33333
22231
14434
23332
33333
11441
44444
22222
11111
20222
22000
-9999-9999-9999-9999-9999
33333
42232
14444
23343
33333
34340
44444
26442
20000
20000
22102
11122
21221
20006
26666
26666
26622
22222
22222
-9999-9999-9999-9999-9999
33333
23445
64432
63465
33333
44442
22222
44444
66636
66636
62250
60000
60000
60000
66666
66666
55555
-9999-9999-9999-9999-9999
33332
23222
52213
43334
33334
33332
22422
44024
44204
46464
44666
44606
55555
45544
40655
40000
40040
44411
41111
-9999-9999-9999-9999-9999
33333
43432
64423
63333
33334
44444
22222
44444
63636
66640
62222
60006
60000
60000
66666
66611
51111
-9999-9999-9999-9999-9999
33333
23233
64422
63332
33333
33334
44444
22442
20022
22222
00001
00666
11206
11612
11602
55555
10000
00000
22555
11111
-9999-9999-9999-9999-9999
33333
32222
22233
55225
22222
55555
33136
11334
11311
11666
16661
15555
66666
11111
11110
44444
00000
00000
00000
44444
00000
-9999-9999-9999-9999-9999
33333
33333
22355
22222
55550
55555
00005
66666
66666
55553
03300
66656
05553
00333
00006
11444
-9999-9999-9999-9999-9999
33333
43434
53253
43333
33333
22224
44444
22226
20000
30330
00004
00666
06666
06666
00000
00000
55555
-9999-9999-9999-9999-9999
33333
33333
23232
33333
66661
66556
55555
61111
66666
22232
33333
16655
56666
00000
00000
66666
00000
44444
-9999-9999-9999-9999-9999
33334
22234
03233
03242
33333
33333
22222
44024
40000
06666
04666
04555
55544
45544
45555
44444
40000
44444
14444
-9999-9999-9999-9999-9999
33333
43432
13452
23332
33342
34333
44444
22662
20220
22222
00111
00000
11100
10200
11111
66606
66666
66666
66666
-9999-9999-9999-9999-9999
33323
33334
33333
33333
05502
00011
11111
00556
00040
44436
40426
00202
66666
66666
16222
51166
00000
22222
-9999-9999-9999-9999-9999
33333
43432
13434
23334
33333
33333
44444
22640
20221
22222
00100
00160
11111
10200
11111
66600
66666
66666
66666
-9999-9999-9999-9999-9999
33333
33332
22332
22222
55555
55550
00006
55555
62224
66666
00000
66551
00330
00400
44444
44444
00000
11111
66166
11111
66666
-9999-9999-9999-9999-9999
33333
43233
14434
23313
33333
33334
44444
22444
22412
22222
22222
00101
00100
11000
10200
11111
51166
56655
65555
-9999-9999-9999-9999-9999
33332
34433
44444
33333
00000
00101
11111
00030
00001
03332
01241
11122
51044
66666
66666
64660
66666
22222
-9999-9999-9999-9999-9999
33333
23433
52222
53333
33333
33333
22224
44444
44245
44666
44444
66566
66566
55655
56466
55555
15500
10011
00000
-9999-9999-9999-9999-9999
33333
44435
13444
23343
33333
11114
44244
11111
44424
00202
00000
55555
55355
55555
55555
66666
66665
-9999-9999-9999-9999-9999
33333
23442
52233
53334
33334
33433
22242
44025
46665
40666
40560
04555
55555
45444
46554
44040
04400
00000
01111
11111
-9999-9999-9999-9999-9999
33333
24434
52232
43334
33323
33433
22222
44020
44464
44444
66554
66665
55655
56466
55555
00000
00055
00000
00000
-9999-9999-9999-9999-9999
33333
44432
53223
43333
33333
33333
22222
44220
44444
04024
04404
00605
06666
06606
00000
00055
51111
-9999-9999-9999-9999-9999
33333
33434
33444
33333
05106
00105
11111
05510
00002
44432
04122
12011
66666
66666
01112
50111
11111
22222
-9999-9999-9999-9999-9999
33333
43232
52220
43333
33233
33433
22222
44025
46660
40060
44505
55445
45044
42250
40606
40000
40000
44444
44444
11111
-9999-9999-9999-9999-9999
33333
24234
53233
43353
33333
32324
22222
44204
44040
44664
44665
44546
55544
45545
46556
40000
40004
44444
41111
11111
-9999-9999-9999-9999-9999
33334
23235
04244
03334
33333
32435
22224
44000
46444
44444
66545
66566
55665
56466
55555
00000
00060
00011
00000
-9999-9999-9999-9999-9999
33333
33334
44341
44444
11111
11111
66660
11112
04442
00000
66046
04111
00336
66066
22222
22222
66666
55505
00500
55555
00000
-9999-9999-9999-9999-9999
33333
24430
14431
23333
33332
33343
44444
22444
22626
22200
22222
00101
00100
11100
10200
11111
51166
56655
65555
-9999-9999-9999-9999-9999
33333
43432
14443
13334
33333
11444
44444
22222
11111
00202
22222
03335
22222
01111
55555
66056
00000
66655
55555
66666
66666
-9999-9999-9999-9999-9999
33333
43434
13434
23333
33335
11441
44424
22222
11130
11111
00000
00000
22222
22222
55555
66556
66606
06600
66666
00000
00000
-9999-9999-9999-9999-9999
33333
44444
14454
13333
33333
33233
44444
22440
26626
60000
60000
62011
11111
21122
21161
22622
26662
22255
22222
55555
-9999-9999-9999-9999-9999
33333
33443
40301
44444
44440
06300
66666
00505
00530
65051
66665
11042
11313
11000
11111
11115
55552
55555
22222
-9999-9999-9999-9999-9999
33333
43236
14454
23344
33333
44444
22222
44240
66622
66636
62200
60060
60000
60006
66666
66611
55555
-9999-9999-9999-9999-9999
33333
22243
52222
43333
33332
33332
22222
44220
40040
06644
04666
04555
55544
45545
45555
44444
04400
00011
01111
-9999-9999-9999-9999-9999
33333
33044
43332
43444
33333
06036
22660
22222
00000
22336
22222
56626
53326
52445
50006
50000
55555
55555
55555
-9999-9999-9999-9999-9999
33333
23433
14423
13333
33333
33333
44444
22446
20222
22222
11111
00101
11001
10200
11111
66606
66600
66666
65555
-9999-9999-9999-9999-9999
33333
32533
22225
22222
55555
55550
00244
55555
62222
66666
00606
60326
00006
66026
20666
11111
-9999-9999-9999-9999-9999
33333
43434
53233
43332
33334
22254
44444
22226
22002
00030
04466
06666
06666
06660
00000
00011
51111
-9999-9999-9999-9999-9999
33333
43234
02244
03400
33334
32552
22222
44020
46444
44444
66566
66566
55656
56066
55555
00060
00050
00000
01111
-9999-9999-9999-9999-9999
33343
22244
53243
43333
33333
32332
22222
44225
40000
06646
04666
04545
55545
45545
45555
44044
40044
44411
44444
-9999-9999-9999-9999-9999
33333
23231
14431
23333
33333
11144
44414
22222
11111
20221
22444
-9999-9999-9999-9999-9999
33334
44234
64433
63332
33333
44442
22222
44240
66346
66636
62220
60000
60000
60000
66666
66655
55555
-9999-9999-9999-9999-9999
33333
33434
44344
44444
11111
66166
00006
11664
11111
50046
50466
66615
53333
51106
50000
55555
22255
25555
-9999-9999-9999-9999-9999
33333
23252
13455
23333
33334
33334
44442
22666
20022
26006
22646
62121
11122
21121
21116
22226
26622
22222
55555
55555
-9999-9999-9999-9999-9999
33333
43444
53232
43333
33344
33330
22222
44525
44244
44666
44666
44566
55544
45045
40600
40000
40044
44444
41111
11111
-9999-9999-9999-9999-9999
33333
22234
04233
03333
33332
32333
22222
44004
44245
44446
44444
66564
66566
55666
56466
55555
15500
10011
01111
-9999-9999-9999-9999-9999
33333
44234
53233
43345
33333
55555
42422
22222
66565
55545
55636
11514
55555
13111
44444
-9999-9999-9999-9999-9999
33333
43344
13455
23334
33336
44446
22222
44446
66646
63336
62200
60000
60000
60000
66666
66611
15555
-9999-9999-9999-9999-9999
33333
44234
02233
03333
33334
32332
22222
44000
46646
44444
55555
66566
55566
56466
55555
00000
00060
00000
01111
-9999-9999-9999-9999-9999
33333
24236
02222
03330
33332
33332
22222
44220
44044
44444
44666
44664
55544
45545
46666
40040
40000
44444
41111
11111
-9999-9999-9999-9999-9999
33333
43424
64433
63333
33332
33332
44444
22424
26666
62000
60000
62002
11122
21121
21161
22626
26622
22222
22222
55555
-9999-9999-9999-9999-9999
33333
32222
22525
22222
55550
55555
00004
55555
62222
66666
00650
60050
50555
00222
00000
44111
-9999-9999-9999-9999-9999
33333
33333
22333
22222
55555
55055
66000
66600
55554
00330
00002
61024
62561
40302
42625
46646
44411
11144
14444
44444
-9999-9999-9999-9999-9999
33333
23232
64422
63425
33342
33333
44444
22626
22662
22020
22000
22110
11222
21121
21110
26626
26626
22222
52222
55555
-9999-9999-9999-9999-9999
33332
33222
22355
22222
22222
60130
00000
66336
16660
55665
55654
55005
55055
55666
55555
55555
11111
11111
44444
44444
44444
-9999-9999-9999-9999-9999
33333
44234
52232
43334
33335
55255
22245
44444
55555
46445
44111
-9999-9999-9999-9999-9999
33333
23434
52232
43333
33333
33334
22222
40024
46666
46666
44505
55555
45540
42255
40600
40000
40044
44411
11111
-9999-9999-9999-9999-9999
33333
23234
13454
23333
33333
11111
44424
22241
11111
00202
22222
03336
22222
01111
55555
66056
00000
66655
55555
66666
66666
-9999-9999-9999-9999-9999
33323
43234
64444
63323
33324
33330
44442
22646
20220
22222
00101
00006
11000
10200
11111
66616
66600
66666
66666
-9999-9999-9999-9999-9999
33333
43434
52232
43353
33333
22224
44442
22226
22020
00033
02246
00666
06666
06660
00000
00055
11111
-9999-9999-9999-9999-9999
33333
33440
40331
44444
11111
11111
66446
11114
00222
00000
36306
01100
63336
22222
36633
64644
44444
00500
55555
55555
00000
-9999-9999-9999-9999-9999
33333
32562
22333
22222
55550
55555
00000
55555
62222
66666
06000
62555
00000
60000
00006
66666
11111
-9999-9999-9999-9999-9999
33333
44222
13433
23314
33331
11111
44444
22221
11111
20222
22444
-9999-9999-9999-9999-9999
33333
33433
44333
44444
11111
11111
66666
11411
02202
00000
33340
66332
66446
00666
04000
00000
55222
-9999-9999-9999-9999-9999
33333
33334
44334
44444
11111
26566
55555
53216
52233
33333
55445
55111
55625
55151
55000
55552
55226
-9999-9999-9999-9999-9999
33333
44221
13434
23333
33333
11411
44424
22222
11140
11001
11111
00111
00000
66226
22555
-9999-9999-9999-9999-9999
33333
22232
53233
43333
33333
32332
22440
44222
40040
06666
04646
04555
55545
45444
45550
44444
40044
44411
14444
11111
-9999-9999-9999-9999-9999
33323
33523
22323
55525
55555
23336
22222
33030
11664
16661
13320
15555
66666
00000
11444
-9999-9999-9999-9999-9999
33333
23232
53212
53333
33332
33332
22222
44222
44222
44464
44664
44666
55545
45545
40650
40000
40000
44444
41111
11111
-9999-9999-9999-9999-9999
33333
23334
62444
63333
33433
44444
22422
44444
46646
66646
62222
60000
60000
60000
66666
66655
51111
-9999-9999-9999-9999-9999
33334
23243
52223
43334
33333
33332
22222
44025
40040
06646
04646
04555
55544
45544
45555
44440
04400
00000
01111
11111
-9999-9999-9999-9999-9999
33333
33633
22336
22222
55555
00505
66066
55556
66662
00304
00000
61016
60104
40500
42525
46646
44411
11111
11111
44444
-9999-9999-9999-9999-9999
33334
23232
52232
43343
33333
55555
22222
44444
55555
46446
44555
-9999-9999-9999-9999-9999
33333
22234
52222
43332
33333
22222
44424
22222
22000
66666
02020
02222
04464
04444
00000
00050
55555
55511
15555
-9999-9999-9999-9999-9999
33333
44422
04234
03334
33333
22222
44244
22222
00000
00033
04446
06666
06666
06600
00000
00055
55555
-9999-9999-9999-9999-9999
33333
33323
23333
33033
61301
66565
55555
61111
66632
63365
22624
64454
00000
00004
00000
44555
00000
44444
-9999-9999-9999-9999-9999
33333
32223
22333
22222
55555
55550
00044
55550
66660
44545
44043
44200
44444
04404
00666
66666
60066
66161
11111
11111
66666
-9999-9999-9999-9999-9999
33333
23233
53212
43333
33333
33332
22222
44225
40000
06666
04666
04646
55445
45544
45550
44440
40004
44444
11111
11111
-9999-9999-9999-9999-9999
33324
23234
64423
63335
33333
33334
44444
22221
22626
22000
22000
22160
11122
21120
21001
26666
26622
22255
55555
55555
-9999-9999-9999-9999-9999
33333
34443
44300
44444
44444
11141
66665
56665
51130
55265
55333
55162
55404
55555
20200
00200
06666
05555
05555
00000
00000
-9999-9999-9999-9999-9999
33333
34441
43334
33333
00331
00000
11111
00000
00420
44434
66666
66666
10000
40206
06260
22666
11111
22222
-9999-9999-9999-9999-9999
