33335
44432
22232
33333
22524
55552
22222
56360
55555
66666
66666
43441
00446
00440
06440
00440
11444
-9999-9999-9999-9999-9999
33333
44434
44441
33333
34224
22122
00205
03030
00000
21101
66666
66666
11111
11111
66661
21111
66662
55222
-9999-9999-9999-9999-9999
33333
33632
26633
33002
00554
55522
05055
00000
53355
55515
60551
66666
66665
66660
10011
00044
11111
-9999-9999-9999-9999-9999
33333
42233
22233
33353
22522
55551
44466
66661
56160
55555
66444
15444
15442
00446
00442
11444
22442
16666
44444
-9999-9999-9999-9999-9999
33333
33333
22335
33523
05525
60061
00000
02222
05555
00000
16111
16112
66111
15116
13111
66111
11111
-9999-9999-9999-9999-9999
33333
33130
44344
33136
61101
06606
66611
64444
61111
66666
50555
50555
04550
00550
50555
66555
22222
-9999-9999-9999-9999-9999
33333
43233
44433
33333
34040
22220
11112
13030
11111
11222
11112
11222
66226
66222
66222
00222
55222
-9999-9999-9999-9999-9999
33333
33313
44301
33113
66160
06611
66666
61561
64460
66666
51550
54550
00550
50556
51555
55555
-9999-9999-9999-9999-9999
33333
34430
44332
33133
61160
64164
61616
66666
13011
01111
00000
00000
01040
66166
66666
66655
55555
-9999-9999-9999-9999-9999
33333
32623
25533
33523
05504
02550
55055
00505
55336
55556
66066
66606
56511
66666
11666
66611
11111
-9999-9999-9999-9999-9999
33333
23234
44444
33310
34024
22252
00255
03440
00111
10111
11115
11111
51156
66666
66666
11151
55555
55555
22222
-9999-9999-9999-9999-9999
33333
33333
22333
33532
05500
02050
40545
04444
02204
00500
06626
04646
06460
16666
12442
00011
15555
-9999-9999-9999-9999-9999
33333
33330
44314
33133
66100
16666
11611
66660
13131
33335
00001
00060
16015
00000
15150
05022
55555
-9999-9999-9999-9999-9999
33333
33533
22333
33333
05560
02502
00056
00050
53555
55156
16126
66106
66616
66016
20222
00011
41111
-9999-9999-9999-9999-9999
33333
42234
44444
33344
42441
11111
11111
44442
00022
22222
55223
56223
66222
11554
36222
06222
55000
-9999-9999-9999-9999-9999
33331
22232
53232
43335
33333
33433
43600
14266
12444
12222
66666
66666
44666
00000
11111
00000
00001
44444
11555
-9999-9999-9999-9999-9999
33333
33622
22222
33323
32433
44446
55555
53336
56666
56666
56660
50000
00000
00050
55555
55555
44444
-9999-9999-9999-9999-9999
33333
44244
44344
33333
34234
22222
11111
14330
10000
10000
10000
16666
66666
66616
11111
11111
55555
-9999-9999-9999-9999-9999
33333
44444
44334
33330
34232
22222
11111
13341
10000
10000
10000
16615
66661
66611
11111
11122
55555
-9999-9999-9999-9999-9999
33333
33443
44303
33164
66161
16111
61666
66666
13331
11010
04055
00000
00465
66661
06600
05500
22222
-9999-9999-9999-9999-9999
33332
33444
44344
33403
66110
64146
61616
66066
13131
11101
00010
00011
66556
66006
50000
55522
22222
-9999-9999-9999-9999-9999
33333
44234
15316
35555
32222
32222
20000
00000
00000
11110
11666
-9999-9999-9999-9999-9999
33333
44442
22222
33323
24245
55555
55555
22222
66444
66445
00445
00442
02440
00445
46446
46446
44000
-9999-9999-9999-9999-9999
33333
33233
22223
33523
05505
05050
05055
00000
53535
55525
66666
66660
55255
15656
61611
00100
14444
-9999-9999-9999-9999-9999
33333
23243
22224
33322
32434
44446
55555
56336
56666
56666
56666
50051
50000
00000
55555
55544
41111
-9999-9999-9999-9999-9999
33334
43434
44344
33333
44444
11111
44444
11111
00002
00221
66225
66223
63223
66224
26221
24224
22666
-9999-9999-9999-9999-9999
33335
22234
44443
33334
34440
22222
00250
04441
00000
21101
66666
66661
11111
11111
61011
21006
66662
55555
-9999-9999-9999-9999-9999
33334
33444
44344
33314
66046
66164
61666
66161
13031
11111
00005
00540
00001
66661
06666
05500
22222
-9999-9999-9999-9999-9999
33333
43232
44444
33341
34232
22226
11111
14046
10340
13366
10044
16615
16666
66611
11111
11122
55555
-9999-9999-9999-9999-9999
33333
23234
22223
33223
32434
44445
55555
56326
56666
56666
56661
50000
00000
00005
55555
55555
11111
-9999-9999-9999-9999-9999
33333
22242
22334
33523
32222
44441
55555
53636
56622
56666
56666
50015
00000
00000
55555
55544
14444
-9999-9999-9999-9999-9999
33333
43434
14433
23332
33333
33334
44442
22626
22444
44444
11111
00100
00000
16626
61666
66666
55555
00000
55666
11111
-9999-9999-9999-9999-9999
33333
33326
22333
33535
00565
02000
05055
00000
53536
33660
66606
66666
00010
15015
11011
11111
41111
-9999-9999-9999-9999-9999
33333
43233
15552
35551
35511
51111
10002
11111
00202
11516
22252
66666
66226
20200
21221
44441
-9999-9999-9999-9999-9999
33333
43232
44344
33334
34230
22222
11111
10344
10000
10000
10000
16666
16666
66666
11111
11122
25555
-9999-9999-9999-9999-9999
33333
33225
22336
33536
00500
02552
05055
00555
53335
55155
66666
66566
00055
55225
00000
55511
11111
-9999-9999-9999-9999-9999
33332
44232
22336
22226
66663
66665
66665
33334
50054
53350
50050
00000
56656
44444
66666
44554
55551
55555
55111
-9999-9999-9999-9999-9999
33333
33232
26332
33433
55522
60560
00000
05120
02222
00000
44444
55112
36113
26111
22112
44000
00666
11111
-9999-9999-9999-9999-9999
33333
33303
44144
33130
66166
06600
66666
64164
61111
66666
50555
50555
00550
53555
54550
00555
22222
-9999-9999-9999-9999-9999
33333
33323
22336
33326
05502
02556
05050
05531
53335
65556
66226
66626
00021
05610
11011
00044
44444
-9999-9999-9999-9999-9999
33333
42422
22222
33533
22525
55555
55555
22222
66444
66445
00443
00444
05445
43440
40446
46445
00000
44444
-9999-9999-9999-9999-9999
33334
22224
44343
33333
44444
11112
14444
00000
11111
00223
66226
66223
63222
66221
26221
20222
22666
-9999-9999-9999-9999-9999
33333
43433
22233
33335
24225
55554
55555
66666
22222
62625
66465
43443
45444
00444
00445
00445
44444
-9999-9999-9999-9999-9999
33333
33333
44131
33333
61106
64111
11611
66666
13330
33340
44000
00000
66565
00060
11100
00022
55555
-9999-9999-9999-9999-9999
33333
23432
44343
33331
34224
22220
00005
03300
00040
21101
11111
11111
20011
66666
66666
26000
22222
-9999-9999-9999-9999-9999
33333
33334
44333
33144
61164
66661
61111
66661
13331
01410
44440
00006
44640
44554
55646
66655
22222
-9999-9999-9999-9999-9999
33333
24222
22322
33533
32222
44444
66464
63336
66666
45646
55655
55555
00444
00444
05440
00440
11111
-9999-9999-9999-9999-9999
33333
22244
44444
33333
34422
22221
11112
14330
11111
00040
00000
66223
55226
44222
11221
05222
00000
22666
-9999-9999-9999-9999-9999
33333
22432
44443
33333
34244
22222
00255
04440
00000
22100
22222
66661
66661
11611
00112
22116
55556
-9999-9999-9999-9999-9999
33333
43244
22223
33333
22522
55555
55555
22222
66666
44444
11445
11445
33446
00440
06444
06006
44000
-9999-9999-9999-9999-9999
33333
43234
44431
33333
34132
22222
00202
00440
00100
10100
11116
11111
61166
66666
66666
66655
55555
55555
55555
22222
-9999-9999-9999-9999-9999
33333
44444
22322
33333
32636
44441
55555
52626
56330
56333
56266
50051
00000
00055
55555
55511
44444
-9999-9999-9999-9999-9999
33333
23234
22322
33333
32244
44444
66611
66566
66666
45546
55555
55555
00440
00444
05445
00446
11111
-9999-9999-9999-9999-9999
33333
24234
44434
33333
34244
22222
00200
04430
01110
10110
11116
11111
11161
66666
55555
55555
66665
55666
66666
22222
-9999-9999-9999-9999-9999
33333
23433
44443
33333
44242
11111
11111
44444
00200
00223
66221
66222
63226
66222
20221
24222
66666
22222
-9999-9999-9999-9999-9999
33333
44433
44441
33332
34224
22222
11111
13430
10000
10000
10001
16666
16666
66666
11111
11122
25555
-9999-9999-9999-9999-9999
33333
33333
44343
33150
61160
11146
61616
66311
13131
11141
40000
00001
00000
11101
01501
11111
52222
-9999-9999-9999-9999-9999
33333
44234
52233
43335
33332
22225
44444
22222
23024
66666
00034
06366
02224
04400
00000
00055
55555
55511
51111
-9999-9999-9999-9999-9999
33334
33433
44403
33133
66046
66164
06665
66666
61511
54545
22222
44444
11000
11111
00000
66666
22000
-9999-9999-9999-9999-9999
33333
34043
44313
33430
61146
64116
61665
66116
13011
33330
00010
00000
41041
66160
10101
00022
25555
-9999-9999-9999-9999-9999
33333
24432
22232
33333
32432
44444
66466
63226
65556
56665
55555
55555
05550
00000
11111
55551
11111
00000
-9999-9999-9999-9999-9999
33333
33332
26336
33232
05005
52000
55050
00000
53635
56666
66616
66656
22020
55566
01055
00044
11111
-9999-9999-9999-9999-9999
33332
43231
44444
33333
44144
11111
11111
44444
00202
00224
66226
66223
63223
66224
26222
20220
22444
-9999-9999-9999-9999-9999
33333
43432
44432
33333
42121
11111
11111
44444
00202
06225
66226
66224
63220
23222
24224
26222
11111
55555
-9999-9999-9999-9999-9999
33333
32233
22325
33533
05525
60050
00000
02552
05550
00000
16111
16116
65111
66116
16111
11666
-9999-9999-9999-9999-9999
33333
33434
44344
33431
11111
11166
61616
66666
11131
11055
00065
00001
16645
40444
01041
04022
22222
-9999-9999-9999-9999-9999
33333
23234
22232
33225
32232
44444
55551
56626
56666
56666
56666
50000
00000
00000
55555
55555
41111
-9999-9999-9999-9999-9999
33333
42232
22335
33323
24544
55555
44441
66666
11111
55551
16440
11446
62444
11441
10442
11441
00444
-9999-9999-9999-9999-9999
33333
44442
44444
33331
34234
22221
00205
03131
00000
22122
11111
11111
20001
66666
66666
20101
66662
55555
-9999-9999-9999-9999-9999
33333
23233
22322
33334
32222
44444
55554
56336
56326
53330
52202
50001
00000
00050
55555
55511
11111
-9999-9999-9999-9999-9999
33333
23434
44343
33124
34444
22222
11111
13036
10035
01110
06611
06661
01111
01100
00000
00000
52222
-9999-9999-9999-9999-9999
33333
43434
13435
43355
33433
35134
34334
11111
23340
00011
23634
26044
24061
21166
66666
66666
25555
25555
-9999-9999-9999-9999-9999
33333
42222
22226
33332
22525
55555
55555
22222
66444
60441
00441
00443
03445
43442
46442
46442
22444
44444
-9999-9999-9999-9999-9999
33333
33333
22333
33232
05520
44444
44444
42444
66055
05555
00646
66666
62024
62400
60422
55555
00000
11111
-9999-9999-9999-9999-9999
33333
33532
22323
33223
00550
60055
00002
02255
05550
00000
44444
55110
36113
66112
22110
44444
00111
66666
-9999-9999-9999-9999-9999
33333
33633
22334
33534
05552
02525
05550
00000
53535
55515
66625
66666
00550
66600
10000
11111
41111
-9999-9999-9999-9999-9999
33334
43434
44443
33333
34244
22202
00005
03143
00000
21111
11111
11111
20000
66666
66666
21116
22556
-9999-9999-9999-9999-9999
33333
43434
22322
33532
22522
55555
55555
22222
66664
66440
00443
00442
06445
00440
46444
46444
44555
-9999-9999-9999-9999-9999
33333
23223
44331
33334
42242
11111
11111
00000
22202
22222
55222
55223
60225
55222
66222
55222
55555
22222
-9999-9999-9999-9999-9999
33333
44432
44444
33334
44111
11111
14444
11111
00200
00224
66221
66226
66223
66224
24221
20222
22666
-9999-9999-9999-9999-9999
33343
23434
22323
33332
32442
44444
66416
63560
66666
45550
55555
55555
45655
00000
00000
45550
00000
11111
-9999-9999-9999-9999-9999
33333
33434
44440
33130
61161
11111
66666
66666
64664
31110
00000
00006
06414
55555
66666
00101
00011
20000
-9999-9999-9999-9999-9999
33333
23233
22332
33332
24555
55555
55555
22222
66464
60446
00441
00443
03440
00446
40446
42440
44222
-9999-9999-9999-9999-9999
33334
44432
44444
33114
42142
11112
11111
44444
00202
00224
00220
00220
63222
66220
21220
26221
22444
-9999-9999-9999-9999-9999
33333
43232
22322
33233
32462
44444
55555
56320
55555
66465
55555
66443
00443
00443
33444
56446
11445
-9999-9999-9999-9999-9999
33333
23234
22322
33333
32226
44444
66164
62225
66666
44544
55555
55555
45655
00000
00000
46665
44115
-9999-9999-9999-9999-9999
33333
43434
13555
32333
22222
22222
55555
22222
66464
66445
06444
00445
00445
00440
45440
40440
44222
-9999-9999-9999-9999-9999
33333
23446
44343
33333
42222
11111
11111
00000
20222
22222
55222
55222
00224
44224
16222
55221
66661
-9999-9999-9999-9999-9999
33333
44444
22220
33333
32422
44464
55455
56336
56666
56666
56600
50050
00000
00000
55555
55544
11111
-9999-9999-9999-9999-9999
33333
44234
22222
33335
24555
55555
66666
44430
55555
66444
11440
11441
66445
11441
00444
66446
00006
-9999-9999-9999-9999-9999
33333
44444
44444
33333
34043
22226
11111
13044
11111
03110
00000
66224
63221
66222
10221
11220
55222
-9999-9999-9999-9999-9999
33333
22234
22333
33333
32423
44444
66466
62366
66556
56566
55555
55555
55500
00000
00000
50010
11111
11111
11111
44444
-9999-9999-9999-9999-9999
33333
22432
22222
33323
22524
55555
55555
22222
66444
66444
66440
40445
00442
03444
00000
11111
-9999-9999-9999-9999-9999
33333
43432
22322
33323
32432
44446
55555
52336
56666
56660
56600
50000
00000
00005
55555
55544
41111
-9999-9999-9999-9999-9999
33333
23433
52232
43345
33333
22222
44424
22226
22300
03030
02266
06606
06666
06600
00000
00055
51111
-9999-9999-9999-9999-9999
33333
23222
44343
33303
33233
22200
11111
13330
10000
10010
10000
16666
66666
66666
11111
11111
22222
-9999-9999-9999-9999-9999
33333
23433
44341
33331
44444
11211
14201
11111
00005
00565
53335
66635
60005
65505
60060
66566
66666
55522
52222
-9999-9999-9999-9999-9999
33333
23234
44333
33333
42111
11112
44444
13046
00000
06666
06611
06111
01111
01110
00000
00055
55555
-9999-9999-9999-9999-9999
33333
23234
22222
33523
22222
55555
55555
66666
44404
00446
00442
66442
61446
13441
11441
33445
16444
11111
44555
-9999-9999-9999-9999-9999
33333
43233
33115
33334
44040
44220
11111
00000
20222
00222
66224
26224
60221
61222
66666
55555
-9999-9999-9999-9999-9999
