0.23  0.23  0.23  0.21  0.10  
0.23  0.23  0.23  0.21  0.10  
0.23  0.23  0.23  0.21  0.10  
0.23  0.23  0.23  0.21  0.10  
0.25  0.25  0.25  0.20  0.04  
0.26  0.26  0.26  0.19  0.02  
0.27  0.27  0.27  0.17  0.01  
0.27  0.27  0.27  0.17  0.01  
0.27  0.27  0.27  0.17  0.01  
0.27  0.27  0.27  0.17  0.01  
0.27  0.27  0.27  0.17  0.01  
0.11  0.16  0.63  0.10  0.00  
0.12  0.19  0.66  0.03  0.00  
0.12  0.19  0.66  0.03  0.00  
-9999.00  -9999.00  -9999.00  -9999.00  -9999.00  
0.12  0.19  0.66  0.03  0.00  
0.05  0.07  0.75  0.13  0.00  
0.05  0.07  0.75  0.13  0.00  
0.11  0.05  0.53  0.31  0.00  
0.11  0.05  0.53  0.31  0.00  
0.11  0.05  0.55  0.29  0.00  
0.11  0.05  0.55  0.29  0.00  
0.11  0.05  0.55  0.29  0.00  
0.12  0.05  0.57  0.26  0.00  
0.34  0.15  0.42  0.10  0.00  
0.28  0.12  0.35  0.24  0.00  
0.28  0.12  0.35  0.24  0.00  
-9999.00  -9999.00  -9999.00  -9999.00  -9999.00  
0.29  0.13  0.36  0.22  0.00  
0.29  0.13  0.36  0.22  0.00  
0.29  0.13  0.36  0.22  0.00  
0.29  0.13  0.36  0.22  0.00  
0.20  0.09  0.25  0.46  0.00  
0.20  0.09  0.25  0.46  0.00  
0.20  0.09  0.25  0.46  0.00  
0.20  0.09  0.25  0.46  0.00  
0.21  0.09  0.26  0.44  0.00  
0.21  0.09  0.26  0.44  0.00  
0.08  0.05  0.61  0.26  0.00  
0.11  0.07  0.72  0.09  0.00  
0.56  0.09  0.31  0.04  0.00  
-9999.00  -9999.00  -9999.00  -9999.00  -9999.00  
0.56  0.09  0.31  0.04  0.00  
0.56  0.09  0.31  0.04  0.00  
0.56  0.09  0.31  0.04  0.00  
0.56  0.09  0.31  0.04  0.00  
0.56  0.09  0.31  0.04  0.00  
0.56  0.09  0.31  0.04  0.00  
0.56  0.09  0.31  0.04  0.00  
0.56  0.09  0.31  0.04  0.00  
0.56  0.09  0.31  0.04  0.00  
0.57  0.09  0.31  0.03  0.00  
0.57  0.09  0.31  0.03  0.00  
0.57  0.09  0.31  0.03  0.00  
0.57  0.09  0.31  0.03  0.00  
0.57  0.09  0.31  0.03  0.00  
0.57  0.09  0.31  0.03  0.00  
0.57  0.09  0.31  0.03  0.00  
-9999.00  -9999.00  -9999.00  -9999.00  -9999.00  
0.57  0.09  0.31  0.03  0.00  
0.57  0.09  0.31  0.03  0.00  
0.57  0.09  0.31  0.03  0.00  
0.57  0.09  0.31  0.03  0.00  
0.57  0.09  0.31  0.03  0.00  
0.57  0.09  0.31  0.03  0.00  
0.57  0.09  0.31  0.02  0.00  
0.57  0.09  0.31  0.02  0.00  
0.57  0.09  0.31  0.02  0.00  
0.57  0.09  0.31  0.02  0.00  
0.57  0.09  0.31  0.02  0.00  
0.57  0.09  0.31  0.02  0.00  
0.57  0.09  0.31  0.02  0.00  
-9999.00  -9999.00  -9999.00  -9999.00  -9999.00  
0.57  0.09  0.31  0.02  0.00  
0.57  0.09  0.31  0.02  0.00  
0.57  0.09  0.31  0.02  0.00  
0.57  0.09  0.31  0.02  0.00  
0.57  0.09  0.31  0.02  0.00  
0.57  0.09  0.31  0.02  0.00  
0.58  0.09  0.31  0.02  0.00  
0.58  0.09  0.31  0.02  0.00  
0.58  0.09  0.31  0.02  0.00  
0.58  0.09  0.31  0.02  0.00  
0.22  0.05  0.72  0.01  0.00  
0.22  0.05  0.72  0.01  0.00  
-9999.00  -9999.00  -9999.00  -9999.00  -9999.00  
0.22  0.05  0.72  0.01  0.00  
0.22  0.05  0.72  0.01  0.00  
0.22  0.05  0.72  0.01  0.00  
0.49  0.11  0.40  0.00  0.00  
0.49  0.11  0.40  0.00  0.00  
0.49  0.11  0.40  0.00  0.00  
0.49  0.11  0.40  0.00  0.00  
0.49  0.11  0.40  0.00  0.00  
0.49  0.11  0.40  0.00  0.00  
0.49  0.11  0.40  0.00  0.00  
0.49  0.11  0.40  0.00  0.00  
-9999.00  -9999.00  -9999.00  -9999.00  -9999.00  
0.49  0.11  0.40  0.00  0.00  
0.49  0.11  0.40  0.00  0.00  
0.49  0.11  0.40  0.00  0.00  
0.49  0.11  0.40  0.00  0.00  
0.49  0.11  0.40  0.00  0.00  
0.49  0.11  0.40  0.00  0.00  
0.49  0.11  0.40  0.00  0.00  
0.49  0.11  0.40  0.00  0.00  
0.49  0.11  0.40  0.00  0.00  
0.49  0.11  0.40  0.00  0.00  
0.49  0.11  0.40  0.00  0.00  
0.51  0.12  0.37  0.00  0.00  
0.51  0.12  0.37  0.00  0.00  
-9999.00  -9999.00  -9999.00  -9999.00  -9999.00  
0.51  0.12  0.37  0.00  0.00  
0.51  0.12  0.37  0.00  0.00  
0.51  0.12  0.37  0.00  0.00  
0.51  0.12  0.37  0.00  0.00  
0.17  0.06  0.77  0.00  0.00  
0.17  0.06  0.77  0.00  0.00  
0.17  0.06  0.77  0.00  0.00  
0.17  0.06  0.77  0.00  0.00  
0.17  0.06  0.77  0.00  0.00  
0.17  0.06  0.77  0.00  0.00  
0.17  0.06  0.77  0.00  0.00  
0.19  0.07  0.74  0.00  0.00  
0.19  0.07  0.74  0.00  0.00  
-9999.00  -9999.00  -9999.00  -9999.00  -9999.00  
0.19  0.07  0.74  0.00  0.00  
0.19  0.07  0.74  0.00  0.00  
0.19  0.07  0.74  0.00  0.00  
0.19  0.07  0.74  0.00  0.00  
0.19  0.07  0.74  0.00  0.00  
0.19  0.07  0.74  0.00  0.00  
0.19  0.07  0.74  0.00  0.00  
0.19  0.07  0.74  0.00  0.00  
0.19  0.07  0.74  0.00  0.00  
0.19  0.07  0.74  0.00  0.00  
0.19  0.07  0.74  0.00  0.00  
0.21  0.07  0.72  0.00  0.00  
0.21  0.07  0.72  0.00  0.00  
-9999.00  -9999.00  -9999.00  -9999.00  -9999.00  
0.21  0.07  0.72  0.00  0.00  
0.21  0.07  0.72  0.00  0.00  
0.21  0.07  0.72  0.00  0.00  
0.21  0.07  0.72  0.00  0.00  
0.21  0.07  0.72  0.00  0.00  
0.21  0.07  0.72  0.00  0.00  
0.21  0.07  0.72  0.00  0.00  
0.21  0.07  0.72  0.00  0.00  
0.21  0.07  0.72  0.00  0.00  
0.21  0.07  0.72  0.00  0.00  
0.21  0.07  0.72  0.00  0.00  
0.23  0.08  0.70  0.00  0.00  
0.11  0.08  0.81  0.00  0.00  
-9999.00  -9999.00  -9999.00  -9999.00  -9999.00  
0.11  0.08  0.81  0.00  0.00  
0.11  0.08  0.81  0.00  0.00  
0.11  0.08  0.81  0.00  0.00  
0.11  0.08  0.81  0.00  0.00  
0.11  0.08  0.81  0.00  0.00  
0.11  0.08  0.81  0.00  0.00  
0.11  0.08  0.81  0.00  0.00  
0.11  0.08  0.81  0.00  0.00  
0.11  0.08  0.81  0.00  0.00  
0.11  0.08  0.81  0.00  0.00  
0.11  0.08  0.81  0.00  0.00  
0.12  0.09  0.79  0.00  0.00  
0.12  0.09  0.79  0.00  0.00  
-9999.00  -9999.00  -9999.00  -9999.00  -9999.00  
0.12  0.09  0.79  0.00  0.00  
0.05  0.03  0.92  0.00  0.00  
0.05  0.03  0.92  0.00  0.00  
0.15  0.10  0.74  0.00  0.00  
0.15  0.10  0.74  0.00  0.00  
0.15  0.10  0.74  0.00  0.00  
0.15  0.10  0.74  0.00  0.00  
0.15  0.10  0.74  0.00  0.00  
0.15  0.10  0.74  0.00  0.00  
0.15  0.10  0.74  0.00  0.00  
0.63  0.11  0.26  0.00  0.00  
0.93  0.04  0.03  0.00  0.00  
0.93  0.04  0.03  0.00  0.00  
0.93  0.04  0.03  0.00  0.00  
0.90  0.04  0.06  0.00  0.00  
0.90  0.04  0.06  0.00  0.00  
0.98  0.01  0.01  0.00  0.00  
-9999.00  -9999.00  -9999.00  -9999.00  -9999.00  
0.98  0.01  0.01  0.00  0.00  
0.98  0.01  0.01  0.00  0.00  
0.98  0.01  0.01  0.00  0.00  
0.98  0.01  0.01  0.00  0.00  
0.98  0.01  0.01  0.00  0.00  
0.98  0.01  0.01  0.00  0.00  
0.98  0.01  0.01  0.00  0.00  
0.98  0.01  0.01  0.00  0.00  
0.98  0.01  0.01  0.00  0.00  
0.98  0.01  0.01  0.00  0.00  
0.98  0.01  0.01  0.00  0.00  
0.98  0.01  0.01  0.00  0.00  
1.00  0.00  0.00  0.00  0.00  
-9999.00  -9999.00  -9999.00  -9999.00  -9999.00  
1.00  0.00  0.00  0.00  0.00  
1.00  0.00  0.00  0.00  0.00  
1.00  0.00  0.00  0.00  0.00  
1.00  0.00  0.00  0.00  0.00  
1.00  0.00  0.00  0.00  0.00  
1.00  0.00  0.00  0.00  0.00  
1.00  0.00  0.00  0.00  0.00  
1.00  0.00  0.00  0.00  0.00  
1.00  0.00  0.00  0.00  0.00  
1.00  0.00  0.00  0.00  0.00  
1.00  0.00  0.00  0.00  0.00  
1.00  0.00  0.00  0.00  0.00  
1.00  0.00  0.00  0.00  0.00  
1.00  0.00  0.00  0.00  0.00  
1.00  0.00  0.00  0.00  0.00  
1.00  0.00  0.00  0.00  0.00  
1.00  0.00  0.00  0.00  0.00  
1.00  0.00  0.00  0.00  0.00  
-9999.00  -9999.00  -9999.00  -9999.00  -9999.00  
1.00  0.00  0.00  0.00  0.00  
1.00  0.00  0.00  0.00  0.00  
1.00  0.00  0.00  0.00  0.00  
1.00  0.00  0.00  0.00  0.00  
1.00  0.00  0.00  0.00  0.00  
1.00  0.00  0.00  0.00  0.00  
1.00  0.00  0.00  0.00  0.00  
1.00  0.00  0.00  0.00  0.00  
1.00  0.00  0.00  0.00  0.00  
1.00  0.00  0.00  0.00  0.00  
1.00  0.00  0.00  0.00  0.00  
1.00  0.00  0.00  0.00  0.00  
1.00  0.00  0.00  0.00  0.00  
1.00  0.00  0.00  0.00  0.00  
-9999.00  -9999.00  -9999.00  -9999.00  -9999.00  
1.00  0.00  0.00  0.00  0.00  
1.00  0.00  0.00  0.00  0.00  
1.00  0.00  0.00  0.00  0.00  
1.00  0.00  0.00  0.00  0.00  
1.00  0.00  0.00  0.00  0.00  
1.00  0.00  0.00  0.00  0.00  
1.00  0.00  0.00  0.00  0.00  
1.00  0.00  0.00  0.00  0.00  
1.00  0.00  0.00  0.00  0.00  
1.00  0.00  0.00  0.00  0.00  
1.00  0.00  0.00  0.00  0.00  
1.00  0.00  0.00  0.00  0.00  
1.00  0.00  0.00  0.00  0.00  
1.00  0.00  0.00  0.00  0.00  
-9999.00  -9999.00  -9999.00  -9999.00  -9999.00  
1.00  0.00  0.00  0.00  0.00  
1.00  0.00  0.00  0.00  0.00  
1.00  0.00  0.00  0.00  0.00  
1.00  0.00  0.00  0.00  0.00  
1.00  0.00  0.00  0.00  0.00  
1.00  0.00  0.00  0.00  0.00  
1.00  0.00  0.00  0.00  0.00  
1.00  0.00  0.00  0.00  0.00  
1.00  0.00  0.00  0.00  0.00  
1.00  0.00  0.00  0.00  0.00  
1.00  0.00  0.00  0.00  0.00  
1.00  0.00  0.00  0.00  0.00  
1.00  0.00  0.00  0.00  0.00  
1.00  0.00  0.00  0.00  0.00  
-9999.00  -9999.00  -9999.00  -9999.00  -9999.00  
1.00  0.00  0.00  0.00  0.00  
1.00  0.00  0.00  0.00  0.00  
1.00  0.00  0.00  0.00  0.00  
1.00  0.00  0.00  0.00  0.00  
1.00  0.00  0.00  0.00  0.00  
1.00  0.00  0.00  0.00  0.00  
1.00  0.00  0.00  0.00  0.00  
1.00  0.00  0.00  0.00  0.00  
-9999.00  -9999.00  -9999.00  -9999.00  -9999.00  
1.00  0.00  0.00  0.00  0.00  
1.00  0.00  0.00  0.00  0.00  
1.00  0.00  0.00  0.00  0.00  
1.00  0.00  0.00  0.00  0.00  
1.00  0.00  0.00  0.00  0.00  
1.00  0.00  0.00  0.00  0.00  
1.00  0.00  0.00  0.00  0.00  
1.00  0.00  0.00  0.00  0.00  
1.00  0.00  0.00  0.00  0.00  
1.00  0.00  0.00  0.00  0.00  
1.00  0.00  0.00  0.00  0.00  
1.00  0.00  0.00  0.00  0.00  
1.00  0.00  0.00  0.00  0.00  
1.00  0.00  0.00  0.00  0.00  
1.00  0.00  0.00  0.00  0.00  
1.00  0.00  0.00  0.00  0.00  
1.00  0.00  0.00  0.00  0.00  
-9999.00  -9999.00  -9999.00  -9999.00  -9999.00  
1.00  0.00  0.00  0.00  0.00  
1.00  0.00  0.00  0.00  0.00  
1.00  0.00  0.00  0.00  0.00  
1.00  0.00  0.00  0.00  0.00  
1.00  0.00  0.00  0.00  0.00  
1.00  0.00  0.00  0.00  0.00  
1.00  0.00  0.00  0.00  0.00  
1.00  0.00  0.00  0.00  0.00  
1.00  0.00  0.00  0.00  0.00  
1.00  0.00  0.00  0.00  0.00  
1.00  0.00  0.00  0.00  0.00  
1.00  0.00  0.00  0.00  0.00  
1.00  0.00  0.00  0.00  0.00  
1.00  0.00  0.00  0.00  0.00  
-9999.00  -9999.00  -9999.00  -9999.00  -9999.00  
1.00  0.00  0.00  0.00  0.00  
1.00  0.00  0.00  0.00  0.00  
1.00  0.00  0.00  0.00  0.00  
1.00  0.00  0.00  0.00  0.00  
1.00  0.00  0.00  0.00  0.00  
1.00  0.00  0.00  0.00  0.00  
1.00  0.00  0.00  0.00  0.00  
1.00  0.00  0.00  0.00  0.00  
1.00  0.00  0.00  0.00  0.00  
1.00  0.00  0.00  0.00  0.00  
1.00  0.00  0.00  0.00  0.00  
1.00  0.00  0.00  0.00  0.00  
1.00  0.00  0.00  0.00  0.00  
1.00  0.00  0.00  0.00  0.00  
-9999.00  -9999.00  -9999.00  -9999.00  -9999.00  
1.00  0.00  0.00  0.00  0.00  
1.00  0.00  0.00  0.00  0.00  
1.00  0.00  0.00  0.00  0.00  
1.00  0.00  0.00  0.00  0.00  
1.00  0.00  0.00  0.00  0.00  
1.00  0.00  0.00  0.00  0.00  
1.00  0.00  0.00  0.00  0.00  
1.00  0.00  0.00  0.00  0.00  
1.00  0.00  0.00  0.00  0.00  
1.00  0.00  0.00  0.00  0.00  
1.00  0.00  0.00  0.00  0.00  
1.00  0.00  0.00  0.00  0.00  
-9999.00  -9999.00  -9999.00  -9999.00  -9999.00  
1.00  0.00  0.00  0.00  0.00  
1.00  0.00  0.00  0.00  0.00  
1.00  0.00  0.00  0.00  0.00  
1.00  0.00  0.00  0.00  0.00  
1.00  0.00  0.00  0.00  0.00  
1.00  0.00  0.00  0.00  0.00  
1.00  0.00  0.00  0.00  0.00  
1.00  0.00  0.00  0.00  0.00  
1.00  0.00  0.00  0.00  0.00  
1.00  0.00  0.00  0.00  0.00  
1.00  0.00  0.00  0.00  0.00  
1.00  0.00  0.00  0.00  0.00  
1.00  0.00  0.00  0.00  0.00  
-9999.00  -9999.00  -9999.00  -9999.00  -9999.00  
1.00  0.00  0.00  0.00  0.00  
1.00  0.00  0.00  0.00  0.00  
1.00  0.00  0.00  0.00  0.00  
1.00  0.00  0.00  0.00  0.00  
1.00  0.00  0.00  0.00  0.00  
1.00  0.00  0.00  0.00  0.00  
1.00  0.00  0.00  0.00  0.00  
1.00  0.00  0.00  0.00  0.00  
1.00  0.00  0.00  0.00  0.00  
1.00  0.00  0.00  0.00  0.00  
1.00  0.00  0.00  0.00  0.00  
1.00  0.00  0.00  0.00  0.00  
1.00  0.00  0.00  0.00  0.00  
1.00  0.00  0.00  0.00  0.00  
-9999.00  -9999.00  -9999.00  -9999.00  -9999.00  
1.00  0.00  0.00  0.00  0.00  
1.00  0.00  0.00  0.00  0.00  
1.00  0.00  0.00  0.00  0.00  
1.00  0.00  0.00  0.00  0.00  
1.00  0.00  0.00  0.00  0.00  
1.00  0.00  0.00  0.00  0.00  
1.00  0.00  0.00  0.00  0.00  
1.00  0.00  0.00  0.00  0.00  
1.00  0.00  0.00  0.00  0.00  
1.00  0.00  0.00  0.00  0.00  
1.00  0.00  0.00  0.00  0.00  
1.00  0.00  0.00  0.00  0.00  
1.00  0.00  0.00  0.00  0.00  
-9999.00  -9999.00  -9999.00  -9999.00  -9999.00  
1.00  0.00  0.00  0.00  0.00  
1.00  0.00  0.00  0.00  0.00  
1.00  0.00  0.00  0.00  0.00  
1.00  0.00  0.00  0.00  0.00  
1.00  0.00  0.00  0.00  0.00  
1.00  0.00  0.00  0.00  0.00  
1.00  0.00  0.00  0.00  0.00  
1.00  0.00  0.00  0.00  0.00  
1.00  0.00  0.00  0.00  0.00  
1.00  0.00  0.00  0.00  0.00  
1.00  0.00  0.00  0.00  0.00  
1.00  0.00  0.00  0.00  0.00  
1.00  0.00  0.00  0.00  0.00  
1.00  0.00  0.00  0.00  0.00  
-9999.00  -9999.00  -9999.00  -9999.00  -9999.00  
1.00  0.00  0.00  0.00  0.00  
1.00  0.00  0.00  0.00  0.00  
1.00  0.00  0.00  0.00  0.00  
1.00  0.00  0.00  0.00  0.00  
1.00  0.00  0.00  0.00  0.00  
1.00  0.00  0.00  0.00  0.00  
1.00  0.00  0.00  0.00  0.00  
1.00  0.00  0.00  0.00  0.00  
1.00  0.00  0.00  0.00  0.00  
1.00  0.00  0.00  0.00  0.00  
1.00  0.00  0.00  0.00  0.00  
1.00  0.00  0.00  0.00  0.00  
1.00  0.00  0.00  0.00  0.00  
-9999.00  -9999.00  -9999.00  -9999.00  -9999.00  
1.00  0.00  0.00  0.00  0.00  
1.00  0.00  0.00  0.00  0.00  
1.00  0.00  0.00  0.00  0.00  
1.00  0.00  0.00  0.00  0.00  
1.00  0.00  0.00  0.00  0.00  
1.00  0.00  0.00  0.00  0.00  
1.00  0.00  0.00  0.00  0.00  
1.00  0.00  0.00  0.00  0.00  
1.00  0.00  0.00  0.00  0.00  
1.00  0.00  0.00  0.00  0.00  
1.00  0.00  0.00  0.00  0.00  
1.00  0.00  0.00  0.00  0.00  
1.00  0.00  0.00  0.00  0.00  
1.00  0.00  0.00  0.00  0.00  
-9999.00  -9999.00  -9999.00  -9999.00  -9999.00  
1.00  0.00  0.00  0.00  0.00  
1.00  0.00  0.00  0.00  0.00  
1.00  0.00  0.00  0.00  0.00  
1.00  0.00  0.00  0.00  0.00  
1.00  0.00  0.00  0.00  0.00  
1.00  0.00  0.00  0.00  0.00  
1.00  0.00  0.00  0.00  0.00  
1.00  0.00  0.00  0.00  0.00  
1.00  0.00  0.00  0.00  0.00  
1.00  0.00  0.00  0.00  0.00  
1.00  0.00  0.00  0.00  0.00  
1.00  0.00  0.00  0.00  0.00  
1.00  0.00  0.00  0.00  0.00  
1.00  0.00  0.00  0.00  0.00  
1.00  0.00  0.00  0.00  0.00  
1.00  0.00  0.00  0.00  0.00  
1.00  0.00  0.00  0.00  0.00  
-9999.00  -9999.00  -9999.00  -9999.00  -9999.00  
1.00  0.00  0.00  0.00  0.00  
1.00  0.00  0.00  0.00  0.00  
1.00  0.00  0.00  0.00  0.00  
1.00  0.00  0.00  0.00  0.00  
1.00  0.00  0.00  0.00  0.00  
1.00  0.00  0.00  0.00  0.00  
1.00  0.00  0.00  0.00  0.00  
1.00  0.00  0.00  0.00  0.00  
1.00  0.00  0.00  0.00  0.00  
1.00  0.00  0.00  0.00  0.00  
1.00  0.00  0.00  0.00  0.00  
1.00  0.00  0.00  0.00  0.00  
1.00  0.00  0.00  0.00  0.00  
1.00  0.00  0.00  0.00  0.00  
-9999.00  -9999.00  -9999.00  -9999.00  -9999.00  
1.00  0.00  0.00  0.00  0.00  
1.00  0.00  0.00  0.00  0.00  
1.00  0.00  0.00  0.00  0.00  
1.00  0.00  0.00  0.00  0.00  
1.00  0.00  0.00  0.00  0.00  
1.00  0.00  0.00  0.00  0.00  
1.00  0.00  0.00  0.00  0.00  
1.00  0.00  0.00  0.00  0.00  
1.00  0.00  0.00  0.00  0.00  
1.00  0.00  0.00  0.00  0.00  
1.00  0.00  0.00  0.00  0.00  
1.00  0.00  0.00  0.00  0.00  
1.00  0.00  0.00  0.00  0.00  
1.00  0.00  0.00  0.00  0.00  
-9999.00  -9999.00  -9999.00  -9999.00  -9999.00  
1.00  0.00  0.00  0.00  0.00  
1.00  0.00  0.00  0.00  0.00  
1.00  0.00  0.00  0.00  0.00  
1.00  0.00  0.00  0.00  0.00  
1.00  0.00  0.00  0.00  0.00  
1.00  0.00  0.00  0.00  0.00  
1.00  0.00  0.00  0.00  0.00  
1.00  0.00  0.00  0.00  0.00  
1.00  0.00  0.00  0.00  0.00  
1.00  0.00  0.00  0.00  0.00  
1.00  0.00  0.00  0.00  0.00  
1.00  0.00  0.00  0.00  0.00  
-9999.00  -9999.00  -9999.00  -9999.00  -9999.00  
1.00  0.00  0.00  0.00  0.00  
1.00  0.00  0.00  0.00  0.00  
1.00  0.00  0.00  0.00  0.00  
1.00  0.00  0.00  0.00  0.00  
1.00  0.00  0.00  0.00  0.00  
1.00  0.00  0.00  0.00  0.00  
1.00  0.00  0.00  0.00  0.00  
1.00  0.00  0.00  0.00  0.00  
1.00  0.00  0.00  0.00  0.00  
1.00  0.00  0.00  0.00  0.00  
1.00  0.00  0.00  0.00  0.00  
1.00  0.00  0.00  0.00  0.00  
1.00  0.00  0.00  0.00  0.00  
1.00  0.00  0.00  0.00  0.00  
-9999.00  -9999.00  -9999.00  -9999.00  -9999.00  
1.00  0.00  0.00  0.00  0.00  
1.00  0.00  0.00  0.00  0.00  
1.00  0.00  0.00  0.00  0.00  
1.00  0.00  0.00  0.00  0.00  
1.00  0.00  0.00  0.00  0.00  
1.00  0.00  0.00  0.00  0.00  
1.00  0.00  0.00  0.00  0.00  
1.00  0.00  0.00  0.00  0.00  
1.00  0.00  0.00  0.00  0.00  
1.00  0.00  0.00  0.00  0.00  
1.00  0.00  0.00  0.00  0.00  
1.00  0.00  0.00  0.00  0.00  
1.00  0.00  0.00  0.00  0.00  
-9999.00  -9999.00  -9999.00  -9999.00  -9999.00  
1.00  0.00  0.00  0.00  0.00  
1.00  0.00  0.00  0.00  0.00  
1.00  0.00  0.00  0.00  0.00  
1.00  0.00  0.00  0.00  0.00  
1.00  0.00  0.00  0.00  0.00  
1.00  0.00  0.00  0.00  0.00  
1.00  0.00  0.00  0.00  0.00  
1.00  0.00  0.00  0.00  0.00  
1.00  0.00  0.00  0.00  0.00  
1.00  0.00  0.00  0.00  0.00  
1.00  0.00  0.00  0.00  0.00  
1.00  0.00  0.00  0.00  0.00  
1.00  0.00  0.00  0.00  0.00  
1.00  0.00  0.00  0.00  0.00  
-9999.00  -9999.00  -9999.00  -9999.00  -9999.00  
1.00  0.00  0.00  0.00  0.00  
1.00  0.00  0.00  0.00  0.00  
1.00  0.00  0.00  0.00  0.00  
1.00  0.00  0.00  0.00  0.00  
1.00  0.00  0.00  0.00  0.00  
1.00  0.00  0.00  0.00  0.00  
1.00  0.00  0.00  0.00  0.00  
1.00  0.00  0.00  0.00  0.00  
1.00  0.00  0.00  0.00  0.00  
1.00  0.00  0.00  0.00  0.00  
1.00  0.00  0.00  0.00  0.00  
1.00  0.00  0.00  0.00  0.00  
1.00  0.00  0.00  0.00  0.00  
-9999.00  -9999.00  -9999.00  -9999.00  -9999.00  
1.00  0.00  0.00  0.00  0.00  
1.00  0.00  0.00  0.00  0.00  
1.00  0.00  0.00  0.00  0.00  
1.00  0.00  0.00  0.00  0.00  
1.00  0.00  0.00  0.00  0.00  
1.00  0.00  0.00  0.00  0.00  
1.00  0.00  0.00  0.00  0.00  
1.00  0.00  0.00  0.00  0.00  
1.00  0.00  0.00  0.00  0.00  
1.00  0.00  0.00  0.00  0.00  
1.00  0.00  0.00  0.00  0.00  
1.00  0.00  0.00  0.00  0.00  
1.00  0.00  0.00  0.00  0.00  
1.00  0.00  0.00  0.00  0.00  
1.00  0.00  0.00  0.00  0.00  
1.00  0.00  0.00  0.00  0.00  
1.00  0.00  0.00  0.00  0.00  
-9999.00  -9999.00  -9999.00  -9999.00  -9999.00  
1.00  0.00  0.00  0.00  0.00  
1.00  0.00  0.00  0.00  0.00  
1.00  0.00  0.00  0.00  0.00  
1.00  0.00  0.00  0.00  0.00  
1.00  0.00  0.00  0.00  0.00  
1.00  0.00  0.00  0.00  0.00  
1.00  0.00  0.00  0.00  0.00  
1.00  0.00  0.00  0.00  0.00  
1.00  0.00  0.00  0.00  0.00  
1.00  0.00  0.00  0.00  0.00  
1.00  0.00  0.00  0.00  0.00  
1.00  0.00  0.00  0.00  0.00  
1.00  0.00  0.00  0.00  0.00  
1.00  0.00  0.00  0.00  0.00  
-9999.00  -9999.00  -9999.00  -9999.00  -9999.00  
1.00  0.00  0.00  0.00  0.00  
1.00  0.00  0.00  0.00  0.00  
1.00  0.00  0.00  0.00  0.00  
1.00  0.00  0.00  0.00  0.00  
1.00  0.00  0.00  0.00  0.00  
1.00  0.00  0.00  0.00  0.00  
1.00  0.00  0.00  0.00  0.00  
1.00  0.00  0.00  0.00  0.00  
1.00  0.00  0.00  0.00  0.00  
1.00  0.00  0.00  0.00  0.00  
1.00  0.00  0.00  0.00  0.00  
1.00  0.00  0.00  0.00  0.00  
1.00  0.00  0.00  0.00  0.00  
1.00  0.00  0.00  0.00  0.00  
1.00  0.00  0.00  0.00  0.00  
1.00  0.00  0.00  0.00  0.00  
1.00  0.00  0.00  0.00  0.00  
-9999.00  -9999.00  -9999.00  -9999.00  -9999.00  
1.00  0.00  0.00  0.00  0.00  
1.00  0.00  0.00  0.00  0.00  
1.00  0.00  0.00  0.00  0.00  
1.00  0.00  0.00  0.00  0.00  
1.00  0.00  0.00  0.00  0.00  
1.00  0.00  0.00  0.00  0.00  
1.00  0.00  0.00  0.00  0.00  
1.00  0.00  0.00  0.00  0.00  
1.00  0.00  0.00  0.00  0.00  
1.00  0.00  0.00  0.00  0.00  
1.00  0.00  0.00  0.00  0.00  
1.00  0.00  0.00  0.00  0.00  
1.00  0.00  0.00  0.00  0.00  
-9999.00  -9999.00  -9999.00  -9999.00  -9999.00  
1.00  0.00  0.00  0.00  0.00  
1.00  0.00  0.00  0.00  0.00  
1.00  0.00  0.00  0.00  0.00  
1.00  0.00  0.00  0.00  0.00  
1.00  0.00  0.00  0.00  0.00  
1.00  0.00  0.00  0.00  0.00  
1.00  0.00  0.00  0.00  0.00  
1.00  0.00  0.00  0.00  0.00  
1.00  0.00  0.00  0.00  0.00  
1.00  0.00  0.00  0.00  0.00  
1.00  0.00  0.00  0.00  0.00  
1.00  0.00  0.00  0.00  0.00  
1.00  0.00  0.00  0.00  0.00  
1.00  0.00  0.00  0.00  0.00  
-9999.00  -9999.00  -9999.00  -9999.00  -9999.00  
1.00  0.00  0.00  0.00  0.00  
1.00  0.00  0.00  0.00  0.00  
1.00  0.00  0.00  0.00  0.00  
1.00  0.00  0.00  0.00  0.00  
1.00  0.00  0.00  0.00  0.00  
1.00  0.00  0.00  0.00  0.00  
1.00  0.00  0.00  0.00  0.00  
1.00  0.00  0.00  0.00  0.00  
1.00  0.00  0.00  0.00  0.00  
1.00  0.00  0.00  0.00  0.00  
1.00  0.00  0.00  0.00  0.00  
1.00  0.00  0.00  0.00  0.00  
1.00  0.00  0.00  0.00  0.00  
-9999.00  -9999.00  -9999.00  -9999.00  -9999.00  
1.00  0.00  0.00  0.00  0.00  
1.00  0.00  0.00  0.00  0.00  
1.00  0.00  0.00  0.00  0.00  
1.00  0.00  0.00  0.00  0.00  
1.00  0.00  0.00  0.00  0.00  
1.00  0.00  0.00  0.00  0.00  
1.00  0.00  0.00  0.00  0.00  
1.00  0.00  0.00  0.00  0.00  
1.00  0.00  0.00  0.00  0.00  
1.00  0.00  0.00  0.00  0.00  
1.00  0.00  0.00  0.00  0.00  
1.00  0.00  0.00  0.00  0.00  
1.00  0.00  0.00  0.00  0.00  
-9999.00  -9999.00  -9999.00  -9999.00  -9999.00  
1.00  0.00  0.00  0.00  0.00  
1.00  0.00  0.00  0.00  0.00  
1.00  0.00  0.00  0.00  0.00  
1.00  0.00  0.00  0.00  0.00  
1.00  0.00  0.00  0.00  0.00  
1.00  0.00  0.00  0.00  0.00  
1.00  0.00  0.00  0.00  0.00  
1.00  0.00  0.00  0.00  0.00  
1.00  0.00  0.00  0.00  0.00  
1.00  0.00  0.00  0.00  0.00  
1.00  0.00  0.00  0.00  0.00  
1.00  0.00  0.00  0.00  0.00  
1.00  0.00  0.00  0.00  0.00  
-9999.00  -9999.00  -9999.00  -9999.00  -9999.00  
1.00  0.00  0.00  0.00  0.00  
1.00  0.00  0.00  0.00  0.00  
1.00  0.00  0.00  0.00  0.00  
1.00  0.00  0.00  0.00  0.00  
1.00  0.00  0.00  0.00  0.00  
1.00  0.00  0.00  0.00  0.00  
1.00  0.00  0.00  0.00  0.00  
1.00  0.00  0.00  0.00  0.00  
1.00  0.00  0.00  0.00  0.00  
1.00  0.00  0.00  0.00  0.00  
1.00  0.00  0.00  0.00  0.00  
1.00  0.00  0.00  0.00  0.00  
1.00  0.00  0.00  0.00  0.00  
-9999.00  -9999.00  -9999.00  -9999.00  -9999.00  
1.00  0.00  0.00  0.00  0.00  
1.00  0.00  0.00  0.00  0.00  
1.00  0.00  0.00  0.00  0.00  
1.00  0.00  0.00  0.00  0.00  
1.00  0.00  0.00  0.00  0.00  
1.00  0.00  0.00  0.00  0.00  
1.00  0.00  0.00  0.00  0.00  
1.00  0.00  0.00  0.00  0.00  
1.00  0.00  0.00  0.00  0.00  
1.00  0.00  0.00  0.00  0.00  
1.00  0.00  0.00  0.00  0.00  
1.00  0.00  0.00  0.00  0.00  
-9999.00  -9999.00  -9999.00  -9999.00  -9999.00  
1.00  0.00  0.00  0.00  0.00  
1.00  0.00  0.00  0.00  0.00  
1.00  0.00  0.00  0.00  0.00  
1.00  0.00  0.00  0.00  0.00  
1.00  0.00  0.00  0.00  0.00  
1.00  0.00  0.00  0.00  0.00  
1.00  0.00  0.00  0.00  0.00  
1.00  0.00  0.00  0.00  0.00  
1.00  0.00  0.00  0.00  0.00  
1.00  0.00  0.00  0.00  0.00  
1.00  0.00  0.00  0.00  0.00  
-9999.00  -9999.00  -9999.00  -9999.00  -9999.00  
1.00  0.00  0.00  0.00  0.00  
1.00  0.00  0.00  0.00  0.00  
1.00  0.00  0.00  0.00  0.00  
1.00  0.00  0.00  0.00  0.00  
1.00  0.00  0.00  0.00  0.00  
1.00  0.00  0.00  0.00  0.00  
1.00  0.00  0.00  0.00  0.00  
1.00  0.00  0.00  0.00  0.00  
1.00  0.00  0.00  0.00  0.00  
1.00  0.00  0.00  0.00  0.00  
1.00  0.00  0.00  0.00  0.00  
1.00  0.00  0.00  0.00  0.00  
1.00  0.00  0.00  0.00  0.00  
1.00  0.00  0.00  0.00  0.00  
1.00  0.00  0.00  0.00  0.00  
1.00  0.00  0.00  0.00  0.00  
1.00  0.00  0.00  0.00  0.00  
-9999.00  -9999.00  -9999.00  -9999.00  -9999.00  
1.00  0.00  0.00  0.00  0.00  
1.00  0.00  0.00  0.00  0.00  
1.00  0.00  0.00  0.00  0.00  
1.00  0.00  0.00  0.00  0.00  
1.00  0.00  0.00  0.00  0.00  
1.00  0.00  0.00  0.00  0.00  
1.00  0.00  0.00  0.00  0.00  
1.00  0.00  0.00  0.00  0.00  
1.00  0.00  0.00  0.00  0.00  
1.00  0.00  0.00  0.00  0.00  
1.00  0.00  0.00  0.00  0.00  
1.00  0.00  0.00  0.00  0.00  
1.00  0.00  0.00  0.00  0.00  
1.00  0.00  0.00  0.00  0.00  
1.00  0.00  0.00  0.00  0.00  
1.00  0.00  0.00  0.00  0.00  
1.00  0.00  0.00  0.00  0.00  
1.00  0.00  0.00  0.00  0.00  
-9999.00  -9999.00  -9999.00  -9999.00  -9999.00  
1.00  0.00  0.00  0.00  0.00  
1.00  0.00  0.00  0.00  0.00  
1.00  0.00  0.00  0.00  0.00  
1.00  0.00  0.00  0.00  0.00  
1.00  0.00  0.00  0.00  0.00  
1.00  0.00  0.00  0.00  0.00  
1.00  0.00  0.00  0.00  0.00  
1.00  0.00  0.00  0.00  0.00  
1.00  0.00  0.00  0.00  0.00  
1.00  0.00  0.00  0.00  0.00  
1.00  0.00  0.00  0.00  0.00  
1.00  0.00  0.00  0.00  0.00  
1.00  0.00  0.00  0.00  0.00  
-9999.00  -9999.00  -9999.00  -9999.00  -9999.00  
1.00  0.00  0.00  0.00  0.00  
1.00  0.00  0.00  0.00  0.00  
1.00  0.00  0.00  0.00  0.00  
1.00  0.00  0.00  0.00  0.00  
1.00  0.00  0.00  0.00  0.00  
1.00  0.00  0.00  0.00  0.00  
1.00  0.00  0.00  0.00  0.00  
1.00  0.00  0.00  0.00  0.00  
1.00  0.00  0.00  0.00  0.00  
1.00  0.00  0.00  0.00  0.00  
1.00  0.00  0.00  0.00  0.00  
1.00  0.00  0.00  0.00  0.00  
1.00  0.00  0.00  0.00  0.00  
1.00  0.00  0.00  0.00  0.00  
-9999.00  -9999.00  -9999.00  -9999.00  -9999.00  
1.00  0.00  0.00  0.00  0.00  
1.00  0.00  0.00  0.00  0.00  
1.00  0.00  0.00  0.00  0.00  
1.00  0.00  0.00  0.00  0.00  
1.00  0.00  0.00  0.00  0.00  
1.00  0.00  0.00  0.00  0.00  
1.00  0.00  0.00  0.00  0.00  
1.00  0.00  0.00  0.00  0.00  
1.00  0.00  0.00  0.00  0.00  
1.00  0.00  0.00  0.00  0.00  
1.00  0.00  0.00  0.00  0.00  
1.00  0.00  0.00  0.00  0.00  
1.00  0.00  0.00  0.00  0.00  
1.00  0.00  0.00  0.00  0.00  
-9999.00  -9999.00  -9999.00  -9999.00  -9999.00  
1.00  0.00  0.00  0.00  0.00  
1.00  0.00  0.00  0.00  0.00  
1.00  0.00  0.00  0.00  0.00  
1.00  0.00  0.00  0.00  0.00  
1.00  0.00  0.00  0.00  0.00  
1.00  0.00  0.00  0.00  0.00  
1.00  0.00  0.00  0.00  0.00  
1.00  0.00  0.00  0.00  0.00  
1.00  0.00  0.00  0.00  0.00  
1.00  0.00  0.00  0.00  0.00  
1.00  0.00  0.00  0.00  0.00  
-9999.00  -9999.00  -9999.00  -9999.00  -9999.00  
1.00  0.00  0.00  0.00  0.00  
1.00  0.00  0.00  0.00  0.00  
1.00  0.00  0.00  0.00  0.00  
1.00  0.00  0.00  0.00  0.00  
1.00  0.00  0.00  0.00  0.00  
1.00  0.00  0.00  0.00  0.00  
1.00  0.00  0.00  0.00  0.00  
1.00  0.00  0.00  0.00  0.00  
1.00  0.00  0.00  0.00  0.00  
1.00  0.00  0.00  0.00  0.00  
1.00  0.00  0.00  0.00  0.00  
1.00  0.00  0.00  0.00  0.00  
1.00  0.00  0.00  0.00  0.00  
1.00  0.00  0.00  0.00  0.00  
1.00  0.00  0.00  0.00  0.00  
1.00  0.00  0.00  0.00  0.00  
1.00  0.00  0.00  0.00  0.00  
-9999.00  -9999.00  -9999.00  -9999.00  -9999.00  
1.00  0.00  0.00  0.00  0.00  
1.00  0.00  0.00  0.00  0.00  
1.00  0.00  0.00  0.00  0.00  
1.00  0.00  0.00  0.00  0.00  
1.00  0.00  0.00  0.00  0.00  
1.00  0.00  0.00  0.00  0.00  
1.00  0.00  0.00  0.00  0.00  
1.00  0.00  0.00  0.00  0.00  
1.00  0.00  0.00  0.00  0.00  
1.00  0.00  0.00  0.00  0.00  
1.00  0.00  0.00  0.00  0.00  
1.00  0.00  0.00  0.00  0.00  
1.00  0.00  0.00  0.00  0.00  
1.00  0.00  0.00  0.00  0.00  
1.00  0.00  0.00  0.00  0.00  
1.00  0.00  0.00  0.00  0.00  
1.00  0.00  0.00  0.00  0.00  
-9999.00  -9999.00  -9999.00  -9999.00  -9999.00  
1.00  0.00  0.00  0.00  0.00  
1.00  0.00  0.00  0.00  0.00  
1.00  0.00  0.00  0.00  0.00  
1.00  0.00  0.00  0.00  0.00  
1.00  0.00  0.00  0.00  0.00  
1.00  0.00  0.00  0.00  0.00  
1.00  0.00  0.00  0.00  0.00  
1.00  0.00  0.00  0.00  0.00  
1.00  0.00  0.00  0.00  0.00  
1.00  0.00  0.00  0.00  0.00  
1.00  0.00  0.00  0.00  0.00  
1.00  0.00  0.00  0.00  0.00  
-9999.00  -9999.00  -9999.00  -9999.00  -9999.00  
1.00  0.00  0.00  0.00  0.00  
1.00  0.00  0.00  0.00  0.00  
1.00  0.00  0.00  0.00  0.00  
1.00  0.00  0.00  0.00  0.00  
1.00  0.00  0.00  0.00  0.00  
1.00  0.00  0.00  0.00  0.00  
1.00  0.00  0.00  0.00  0.00  
1.00  0.00  0.00  0.00  0.00  
1.00  0.00  0.00  0.00  0.00  
1.00  0.00  0.00  0.00  0.00  
1.00  0.00  0.00  0.00  0.00  
1.00  0.00  0.00  0.00  0.00  
-9999.00  -9999.00  -9999.00  -9999.00  -9999.00  
1.00  0.00  0.00  0.00  0.00  
1.00  0.00  0.00  0.00  0.00  
1.00  0.00  0.00  0.00  0.00  
1.00  0.00  0.00  0.00  0.00  
1.00  0.00  0.00  0.00  0.00  
1.00  0.00  0.00  0.00  0.00  
1.00  0.00  0.00  0.00  0.00  
1.00  0.00  0.00  0.00  0.00  
1.00  0.00  0.00  0.00  0.00  
1.00  0.00  0.00  0.00  0.00  
1.00  0.00  0.00  0.00  0.00  
1.00  0.00  0.00  0.00  0.00  
1.00  0.00  0.00  0.00  0.00  
1.00  0.00  0.00  0.00  0.00  
-9999.00  -9999.00  -9999.00  -9999.00  -9999.00  
1.00  0.00  0.00  0.00  0.00  
1.00  0.00  0.00  0.00  0.00  
1.00  0.00  0.00  0.00  0.00  
1.00  0.00  0.00  0.00  0.00  
1.00  0.00  0.00  0.00  0.00  
1.00  0.00  0.00  0.00  0.00  
1.00  0.00  0.00  0.00  0.00  
1.00  0.00  0.00  0.00  0.00  
1.00  0.00  0.00  0.00  0.00  
1.00  0.00  0.00  0.00  0.00  
1.00  0.00  0.00  0.00  0.00  
1.00  0.00  0.00  0.00  0.00  
-9999.00  -9999.00  -9999.00  -9999.00  -9999.00  
1.00  0.00  0.00  0.00  0.00  
1.00  0.00  0.00  0.00  0.00  
1.00  0.00  0.00  0.00  0.00  
1.00  0.00  0.00  0.00  0.00  
1.00  0.00  0.00  0.00  0.00  
1.00  0.00  0.00  0.00  0.00  
1.00  0.00  0.00  0.00  0.00  
1.00  0.00  0.00  0.00  0.00  
1.00  0.00  0.00  0.00  0.00  
1.00  0.00  0.00  0.00  0.00  
1.00  0.00  0.00  0.00  0.00  
1.00  0.00  0.00  0.00  0.00  
1.00  0.00  0.00  0.00  0.00  
1.00  0.00  0.00  0.00  0.00  
-9999.00  -9999.00  -9999.00  -9999.00  -9999.00  
1.00  0.00  0.00  0.00  0.00  
1.00  0.00  0.00  0.00  0.00  
1.00  0.00  0.00  0.00  0.00  
1.00  0.00  0.00  0.00  0.00  
1.00  0.00  0.00  0.00  0.00  
1.00  0.00  0.00  0.00  0.00  
1.00  0.00  0.00  0.00  0.00  
1.00  0.00  0.00  0.00  0.00  
1.00  0.00  0.00  0.00  0.00  
1.00  0.00  0.00  0.00  0.00  
1.00  0.00  0.00  0.00  0.00  
1.00  0.00  0.00  0.00  0.00  
1.00  0.00  0.00  0.00  0.00  
1.00  0.00  0.00  0.00  0.00  
-9999.00  -9999.00  -9999.00  -9999.00  -9999.00  
1.00  0.00  0.00  0.00  0.00  
1.00  0.00  0.00  0.00  0.00  
1.00  0.00  0.00  0.00  0.00  
1.00  0.00  0.00  0.00  0.00  
1.00  0.00  0.00  0.00  0.00  
1.00  0.00  0.00  0.00  0.00  
1.00  0.00  0.00  0.00  0.00  
1.00  0.00  0.00  0.00  0.00  
1.00  0.00  0.00  0.00  0.00  
1.00  0.00  0.00  0.00  0.00  
1.00  0.00  0.00  0.00  0.00  
1.00  0.00  0.00  0.00  0.00  
-9999.00  -9999.00  -9999.00  -9999.00  -9999.00  
1.00  0.00  0.00  0.00  0.00  
1.00  0.00  0.00  0.00  0.00  
1.00  0.00  0.00  0.00  0.00  
1.00  0.00  0.00  0.00  0.00  
1.00  0.00  0.00  0.00  0.00  
1.00  0.00  0.00  0.00  0.00  
1.00  0.00  0.00  0.00  0.00  
1.00  0.00  0.00  0.00  0.00  
1.00  0.00  0.00  0.00  0.00  
1.00  0.00  0.00  0.00  0.00  
1.00  0.00  0.00  0.00  0.00  
1.00  0.00  0.00  0.00  0.00  
1.00  0.00  0.00  0.00  0.00  
-9999.00  -9999.00  -9999.00  -9999.00  -9999.00  
1.00  0.00  0.00  0.00  0.00  
1.00  0.00  0.00  0.00  0.00  
1.00  0.00  0.00  0.00  0.00  
1.00  0.00  0.00  0.00  0.00  
1.00  0.00  0.00  0.00  0.00  
1.00  0.00  0.00  0.00  0.00  
1.00  0.00  0.00  0.00  0.00  
1.00  0.00  0.00  0.00  0.00  
1.00  0.00  0.00  0.00  0.00  
1.00  0.00  0.00  0.00  0.00  
1.00  0.00  0.00  0.00  0.00  
1.00  0.00  0.00  0.00  0.00  
1.00  0.00  0.00  0.00  0.00  
1.00  0.00  0.00  0.00  0.00  
1.00  0.00  0.00  0.00  0.00  
1.00  0.00  0.00  0.00  0.00  
1.00  0.00  0.00  0.00  0.00  
1.00  0.00  0.00  0.00  0.00  
-9999.00  -9999.00  -9999.00  -9999.00  -9999.00  
1.00  0.00  0.00  0.00  0.00  
1.00  0.00  0.00  0.00  0.00  
1.00  0.00  0.00  0.00  0.00  
1.00  0.00  0.00  0.00  0.00  
1.00  0.00  0.00  0.00  0.00  
1.00  0.00  0.00  0.00  0.00  
1.00  0.00  0.00  0.00  0.00  
1.00  0.00  0.00  0.00  0.00  
1.00  0.00  0.00  0.00  0.00  
1.00  0.00  0.00  0.00  0.00  
1.00  0.00  0.00  0.00  0.00  
1.00  0.00  0.00  0.00  0.00  
1.00  0.00  0.00  0.00  0.00  
1.00  0.00  0.00  0.00  0.00  
1.00  0.00  0.00  0.00  0.00  
1.00  0.00  0.00  0.00  0.00  
1.00  0.00  0.00  0.00  0.00  
-9999.00  -9999.00  -9999.00  -9999.00  -9999.00  
1.00  0.00  0.00  0.00  0.00  
1.00  0.00  0.00  0.00  0.00  
1.00  0.00  0.00  0.00  0.00  
1.00  0.00  0.00  0.00  0.00  
1.00  0.00  0.00  0.00  0.00  
1.00  0.00  0.00  0.00  0.00  
1.00  0.00  0.00  0.00  0.00  
1.00  0.00  0.00  0.00  0.00  
1.00  0.00  0.00  0.00  0.00  
1.00  0.00  0.00  0.00  0.00  
1.00  0.00  0.00  0.00  0.00  
1.00  0.00  0.00  0.00  0.00  
1.00  0.00  0.00  0.00  0.00  
1.00  0.00  0.00  0.00  0.00  
1.00  0.00  0.00  0.00  0.00  
1.00  0.00  0.00  0.00  0.00  
-9999.00  -9999.00  -9999.00  -9999.00  -9999.00  
1.00  0.00  0.00  0.00  0.00  
1.00  0.00  0.00  0.00  0.00  
1.00  0.00  0.00  0.00  0.00  
1.00  0.00  0.00  0.00  0.00  
1.00  0.00  0.00  0.00  0.00  
1.00  0.00  0.00  0.00  0.00  
1.00  0.00  0.00  0.00  0.00  
1.00  0.00  0.00  0.00  0.00  
1.00  0.00  0.00  0.00  0.00  
1.00  0.00  0.00  0.00  0.00  
1.00  0.00  0.00  0.00  0.00  
1.00  0.00  0.00  0.00  0.00  
1.00  0.00  0.00  0.00  0.00  
1.00  0.00  0.00  0.00  0.00  
-9999.00  -9999.00  -9999.00  -9999.00  -9999.00  
1.00  0.00  0.00  0.00  0.00  
1.00  0.00  0.00  0.00  0.00  
1.00  0.00  0.00  0.00  0.00  
1.00  0.00  0.00  0.00  0.00  
1.00  0.00  0.00  0.00  0.00  
1.00  0.00  0.00  0.00  0.00  
1.00  0.00  0.00  0.00  0.00  
1.00  0.00  0.00  0.00  0.00  
1.00  0.00  0.00  0.00  0.00  
1.00  0.00  0.00  0.00  0.00  
1.00  0.00  0.00  0.00  0.00  
1.00  0.00  0.00  0.00  0.00  
1.00  0.00  0.00  0.00  0.00  
1.00  0.00  0.00  0.00  0.00  
-9999.00  -9999.00  -9999.00  -9999.00  -9999.00  
1.00  0.00  0.00  0.00  0.00  
1.00  0.00  0.00  0.00  0.00  
1.00  0.00  0.00  0.00  0.00  
1.00  0.00  0.00  0.00  0.00  
1.00  0.00  0.00  0.00  0.00  
1.00  0.00  0.00  0.00  0.00  
1.00  0.00  0.00  0.00  0.00  
1.00  0.00  0.00  0.00  0.00  
1.00  0.00  0.00  0.00  0.00  
1.00  0.00  0.00  0.00  0.00  
1.00  0.00  0.00  0.00  0.00  
1.00  0.00  0.00  0.00  0.00  
1.00  0.00  0.00  0.00  0.00  
1.00  0.00  0.00  0.00  0.00  
1.00  0.00  0.00  0.00  0.00  
1.00  0.00  0.00  0.00  0.00  
1.00  0.00  0.00  0.00  0.00  
-9999.00  -9999.00  -9999.00  -9999.00  -9999.00  
1.00  0.00  0.00  0.00  0.00  
1.00  0.00  0.00  0.00  0.00  
1.00  0.00  0.00  0.00  0.00  
1.00  0.00  0.00  0.00  0.00  
1.00  0.00  0.00  0.00  0.00  
1.00  0.00  0.00  0.00  0.00  
1.00  0.00  0.00  0.00  0.00  
1.00  0.00  0.00  0.00  0.00  
1.00  0.00  0.00  0.00  0.00  
1.00  0.00  0.00  0.00  0.00  
1.00  0.00  0.00  0.00  0.00  
1.00  0.00  0.00  0.00  0.00  
1.00  0.00  0.00  0.00  0.00  
-9999.00  -9999.00  -9999.00  -9999.00  -9999.00  
1.00  0.00  0.00  0.00  0.00  
1.00  0.00  0.00  0.00  0.00  
1.00  0.00  0.00  0.00  0.00  
1.00  0.00  0.00  0.00  0.00  
1.00  0.00  0.00  0.00  0.00  
1.00  0.00  0.00  0.00  0.00  
1.00  0.00  0.00  0.00  0.00  
1.00  0.00  0.00  0.00  0.00  
1.00  0.00  0.00  0.00  0.00  
1.00  0.00  0.00  0.00  0.00  
1.00  0.00  0.00  0.00  0.00  
1.00  0.00  0.00  0.00  0.00  
-9999.00  -9999.00  -9999.00  -9999.00  -9999.00  
1.00  0.00  0.00  0.00  0.00  
1.00  0.00  0.00  0.00  0.00  
1.00  0.00  0.00  0.00  0.00  
1.00  0.00  0.00  0.00  0.00  
1.00  0.00  0.00  0.00  0.00  
1.00  0.00  0.00  0.00  0.00  
1.00  0.00  0.00  0.00  0.00  
1.00  0.00  0.00  0.00  0.00  
1.00  0.00  0.00  0.00  0.00  
1.00  0.00  0.00  0.00  0.00  
1.00  0.00  0.00  0.00  0.00  
-9999.00  -9999.00  -9999.00  -9999.00  -9999.00  
1.00  0.00  0.00  0.00  0.00  
1.00  0.00  0.00  0.00  0.00  
1.00  0.00  0.00  0.00  0.00  
1.00  0.00  0.00  0.00  0.00  
1.00  0.00  0.00  0.00  0.00  
1.00  0.00  0.00  0.00  0.00  
1.00  0.00  0.00  0.00  0.00  
1.00  0.00  0.00  0.00  0.00  
1.00  0.00  0.00  0.00  0.00  
1.00  0.00  0.00  0.00  0.00  
1.00  0.00  0.00  0.00  0.00  
1.00  0.00  0.00  0.00  0.00  
1.00  0.00  0.00  0.00  0.00  
-9999.00  -9999.00  -9999.00  -9999.00  -9999.00  
1.00  0.00  0.00  0.00  0.00  
1.00  0.00  0.00  0.00  0.00  
1.00  0.00  0.00  0.00  0.00  
1.00  0.00  0.00  0.00  0.00  
1.00  0.00  0.00  0.00  0.00  
1.00  0.00  0.00  0.00  0.00  
1.00  0.00  0.00  0.00  0.00  
1.00  0.00  0.00  0.00  0.00  
1.00  0.00  0.00  0.00  0.00  
1.00  0.00  0.00  0.00  0.00  
1.00  0.00  0.00  0.00  0.00  
1.00  0.00  0.00  0.00  0.00  
1.00  0.00  0.00  0.00  0.00  
1.00  0.00  0.00  0.00  0.00  
1.00  0.00  0.00  0.00  0.00  
1.00  0.00  0.00  0.00  0.00  
1.00  0.00  0.00  0.00  0.00  
-9999.00  -9999.00  -9999.00  -9999.00  -9999.00  
1.00  0.00  0.00  0.00  0.00  
1.00  0.00  0.00  0.00  0.00  
1.00  0.00  0.00  0.00  0.00  
1.00  0.00  0.00  0.00  0.00  
1.00  0.00  0.00  0.00  0.00  
1.00  0.00  0.00  0.00  0.00  
1.00  0.00  0.00  0.00  0.00  
1.00  0.00  0.00  0.00  0.00  
1.00  0.00  0.00  0.00  0.00  
1.00  0.00  0.00  0.00  0.00  
1.00  0.00  0.00  0.00  0.00  
1.00  0.00  0.00  0.00  0.00  
1.00  0.00  0.00  0.00  0.00  
-9999.00  -9999.00  -9999.00  -9999.00  -9999.00  
1.00  0.00  0.00  0.00  0.00  
1.00  0.00  0.00  0.00  0.00  
1.00  0.00  0.00  0.00  0.00  
1.00  0.00  0.00  0.00  0.00  
1.00  0.00  0.00  0.00  0.00  
1.00  0.00  0.00  0.00  0.00  
1.00  0.00  0.00  0.00  0.00  
1.00  0.00  0.00  0.00  0.00  
1.00  0.00  0.00  0.00  0.00  
1.00  0.00  0.00  0.00  0.00  
1.00  0.00  0.00  0.00  0.00  
1.00  0.00  0.00  0.00  0.00  
1.00  0.00  0.00  0.00  0.00  
1.00  0.00  0.00  0.00  0.00  
-9999.00  -9999.00  -9999.00  -9999.00  -9999.00  
1.00  0.00  0.00  0.00  0.00  
1.00  0.00  0.00  0.00  0.00  
1.00  0.00  0.00  0.00  0.00  
1.00  0.00  0.00  0.00  0.00  
1.00  0.00  0.00  0.00  0.00  
1.00  0.00  0.00  0.00  0.00  
1.00  0.00  0.00  0.00  0.00  
1.00  0.00  0.00  0.00  0.00  
-9999.00  -9999.00  -9999.00  -9999.00  -9999.00  
1.00  0.00  0.00  0.00  0.00  
1.00  0.00  0.00  0.00  0.00  
1.00  0.00  0.00  0.00  0.00  
1.00  0.00  0.00  0.00  0.00  
1.00  0.00  0.00  0.00  0.00  
1.00  0.00  0.00  0.00  0.00  
1.00  0.00  0.00  0.00  0.00  
1.00  0.00  0.00  0.00  0.00  
1.00  0.00  0.00  0.00  0.00  
1.00  0.00  0.00  0.00  0.00  
1.00  0.00  0.00  0.00  0.00  
1.00  0.00  0.00  0.00  0.00  
1.00  0.00  0.00  0.00  0.00  
-9999.00  -9999.00  -9999.00  -9999.00  -9999.00  
1.00  0.00  0.00  0.00  0.00  
1.00  0.00  0.00  0.00  0.00  
1.00  0.00  0.00  0.00  0.00  
1.00  0.00  0.00  0.00  0.00  
1.00  0.00  0.00  0.00  0.00  
1.00  0.00  0.00  0.00  0.00  
1.00  0.00  0.00  0.00  0.00  
1.00  0.00  0.00  0.00  0.00  
1.00  0.00  0.00  0.00  0.00  
1.00  0.00  0.00  0.00  0.00  
1.00  0.00  0.00  0.00  0.00  
1.00  0.00  0.00  0.00  0.00  
1.00  0.00  0.00  0.00  0.00  
-9999.00  -9999.00  -9999.00  -9999.00  -9999.00  
1.00  0.00  0.00  0.00  0.00  
1.00  0.00  0.00  0.00  0.00  
1.00  0.00  0.00  0.00  0.00  
1.00  0.00  0.00  0.00  0.00  
1.00  0.00  0.00  0.00  0.00  
1.00  0.00  0.00  0.00  0.00  
1.00  0.00  0.00  0.00  0.00  
1.00  0.00  0.00  0.00  0.00  
1.00  0.00  0.00  0.00  0.00  
1.00  0.00  0.00  0.00  0.00  
1.00  0.00  0.00  0.00  0.00  
1.00  0.00  0.00  0.00  0.00  
1.00  0.00  0.00  0.00  0.00  
1.00  0.00  0.00  0.00  0.00  
-9999.00  -9999.00  -9999.00  -9999.00  -9999.00  
1.00  0.00  0.00  0.00  0.00  
1.00  0.00  0.00  0.00  0.00  
1.00  0.00  0.00  0.00  0.00  
1.00  0.00  0.00  0.00  0.00  
1.00  0.00  0.00  0.00  0.00  
1.00  0.00  0.00  0.00  0.00  
1.00  0.00  0.00  0.00  0.00  
1.00  0.00  0.00  0.00  0.00  
1.00  0.00  0.00  0.00  0.00  
1.00  0.00  0.00  0.00  0.00  
1.00  0.00  0.00  0.00  0.00  
1.00  0.00  0.00  0.00  0.00  
1.00  0.00  0.00  0.00  0.00  
-9999.00  -9999.00  -9999.00  -9999.00  -9999.00  
1.00  0.00  0.00  0.00  0.00  
1.00  0.00  0.00  0.00  0.00  
1.00  0.00  0.00  0.00  0.00  
1.00  0.00  0.00  0.00  0.00  
1.00  0.00  0.00  0.00  0.00  
1.00  0.00  0.00  0.00  0.00  
1.00  0.00  0.00  0.00  0.00  
1.00  0.00  0.00  0.00  0.00  
1.00  0.00  0.00  0.00  0.00  
1.00  0.00  0.00  0.00  0.00  
1.00  0.00  0.00  0.00  0.00  
-9999.00  -9999.00  -9999.00  -9999.00  -9999.00  
1.00  0.00  0.00  0.00  0.00  
1.00  0.00  0.00  0.00  0.00  
1.00  0.00  0.00  0.00  0.00  
1.00  0.00  0.00  0.00  0.00  
1.00  0.00  0.00  0.00  0.00  
1.00  0.00  0.00  0.00  0.00  
1.00  0.00  0.00  0.00  0.00  
1.00  0.00  0.00  0.00  0.00  
1.00  0.00  0.00  0.00  0.00  
1.00  0.00  0.00  0.00  0.00  
1.00  0.00  0.00  0.00  0.00  
1.00  0.00  0.00  0.00  0.00  
1.00  0.00  0.00  0.00  0.00  
1.00  0.00  0.00  0.00  0.00  
1.00  0.00  0.00  0.00  0.00  
1.00  0.00  0.00  0.00  0.00  
1.00  0.00  0.00  0.00  0.00  
-9999.00  -9999.00  -9999.00  -9999.00  -9999.00  
1.00  0.00  0.00  0.00  0.00  
1.00  0.00  0.00  0.00  0.00  
1.00  0.00  0.00  0.00  0.00  
1.00  0.00  0.00  0.00  0.00  
1.00  0.00  0.00  0.00  0.00  
1.00  0.00  0.00  0.00  0.00  
1.00  0.00  0.00  0.00  0.00  
1.00  0.00  0.00  0.00  0.00  
1.00  0.00  0.00  0.00  0.00  
1.00  0.00  0.00  0.00  0.00  
1.00  0.00  0.00  0.00  0.00  
1.00  0.00  0.00  0.00  0.00  
1.00  0.00  0.00  0.00  0.00  
1.00  0.00  0.00  0.00  0.00  
-9999.00  -9999.00  -9999.00  -9999.00  -9999.00  
1.00  0.00  0.00  0.00  0.00  
1.00  0.00  0.00  0.00  0.00  
1.00  0.00  0.00  0.00  0.00  
1.00  0.00  0.00  0.00  0.00  
1.00  0.00  0.00  0.00  0.00  
1.00  0.00  0.00  0.00  0.00  
1.00  0.00  0.00  0.00  0.00  
1.00  0.00  0.00  0.00  0.00  
1.00  0.00  0.00  0.00  0.00  
1.00  0.00  0.00  0.00  0.00  
1.00  0.00  0.00  0.00  0.00  
1.00  0.00  0.00  0.00  0.00  
1.00  0.00  0.00  0.00  0.00  
-9999.00  -9999.00  -9999.00  -9999.00  -9999.00  
1.00  0.00  0.00  0.00  0.00  
1.00  0.00  0.00  0.00  0.00  
1.00  0.00  0.00  0.00  0.00  
1.00  0.00  0.00  0.00  0.00  
1.00  0.00  0.00  0.00  0.00  
1.00  0.00  0.00  0.00  0.00  
1.00  0.00  0.00  0.00  0.00  
1.00  0.00  0.00  0.00  0.00  
1.00  0.00  0.00  0.00  0.00  
1.00  0.00  0.00  0.00  0.00  
1.00  0.00  0.00  0.00  0.00  
1.00  0.00  0.00  0.00  0.00  
1.00  0.00  0.00  0.00  0.00  
-9999.00  -9999.00  -9999.00  -9999.00  -9999.00  
1.00  0.00  0.00  0.00  0.00  
1.00  0.00  0.00  0.00  0.00  
1.00  0.00  0.00  0.00  0.00  
1.00  0.00  0.00  0.00  0.00  
1.00  0.00  0.00  0.00  0.00  
1.00  0.00  0.00  0.00  0.00  
1.00  0.00  0.00  0.00  0.00  
1.00  0.00  0.00  0.00  0.00  
1.00  0.00  0.00  0.00  0.00  
1.00  0.00  0.00  0.00  0.00  
1.00  0.00  0.00  0.00  0.00  
-9999.00  -9999.00  -9999.00  -9999.00  -9999.00  
1.00  0.00  0.00  0.00  0.00  
1.00  0.00  0.00  0.00  0.00  
1.00  0.00  0.00  0.00  0.00  
1.00  0.00  0.00  0.00  0.00  
1.00  0.00  0.00  0.00  0.00  
1.00  0.00  0.00  0.00  0.00  
1.00  0.00  0.00  0.00  0.00  
1.00  0.00  0.00  0.00  0.00  
1.00  0.00  0.00  0.00  0.00  
1.00  0.00  0.00  0.00  0.00  
1.00  0.00  0.00  0.00  0.00  
1.00  0.00  0.00  0.00  0.00  
1.00  0.00  0.00  0.00  0.00  
-9999.00  -9999.00  -9999.00  -9999.00  -9999.00  
1.00  0.00  0.00  0.00  0.00  
1.00  0.00  0.00  0.00  0.00  
1.00  0.00  0.00  0.00  0.00  
1.00  0.00  0.00  0.00  0.00  
1.00  0.00  0.00  0.00  0.00  
1.00  0.00  0.00  0.00  0.00  
1.00  0.00  0.00  0.00  0.00  
1.00  0.00  0.00  0.00  0.00  
1.00  0.00  0.00  0.00  0.00  
1.00  0.00  0.00  0.00  0.00  
1.00  0.00  0.00  0.00  0.00  
1.00  0.00  0.00  0.00  0.00  
1.00  0.00  0.00  0.00  0.00  
1.00  0.00  0.00  0.00  0.00  
-9999.00  -9999.00  -9999.00  -9999.00  -9999.00  
1.00  0.00  0.00  0.00  0.00  
1.00  0.00  0.00  0.00  0.00  
1.00  0.00  0.00  0.00  0.00  
1.00  0.00  0.00  0.00  0.00  
1.00  0.00  0.00  0.00  0.00  
1.00  0.00  0.00  0.00  0.00  
1.00  0.00  0.00  0.00  0.00  
1.00  0.00  0.00  0.00  0.00  
1.00  0.00  0.00  0.00  0.00  
1.00  0.00  0.00  0.00  0.00  
1.00  0.00  0.00  0.00  0.00  
1.00  0.00  0.00  0.00  0.00  
1.00  0.00  0.00  0.00  0.00  
1.00  0.00  0.00  0.00  0.00  
-9999.00  -9999.00  -9999.00  -9999.00  -9999.00  
1.00  0.00  0.00  0.00  0.00  
1.00  0.00  0.00  0.00  0.00  
1.00  0.00  0.00  0.00  0.00  
1.00  0.00  0.00  0.00  0.00  
1.00  0.00  0.00  0.00  0.00  
1.00  0.00  0.00  0.00  0.00  
1.00  0.00  0.00  0.00  0.00  
1.00  0.00  0.00  0.00  0.00  
1.00  0.00  0.00  0.00  0.00  
1.00  0.00  0.00  0.00  0.00  
1.00  0.00  0.00  0.00  0.00  
1.00  0.00  0.00  0.00  0.00  
1.00  0.00  0.00  0.00  0.00  
1.00  0.00  0.00  0.00  0.00  
-9999.00  -9999.00  -9999.00  -9999.00  -9999.00  
1.00  0.00  0.00  0.00  0.00  
1.00  0.00  0.00  0.00  0.00  
1.00  0.00  0.00  0.00  0.00  
1.00  0.00  0.00  0.00  0.00  
1.00  0.00  0.00  0.00  0.00  
1.00  0.00  0.00  0.00  0.00  
1.00  0.00  0.00  0.00  0.00  
1.00  0.00  0.00  0.00  0.00  
1.00  0.00  0.00  0.00  0.00  
1.00  0.00  0.00  0.00  0.00  
1.00  0.00  0.00  0.00  0.00  
1.00  0.00  0.00  0.00  0.00  
1.00  0.00  0.00  0.00  0.00  
1.00  0.00  0.00  0.00  0.00  
1.00  0.00  0.00  0.00  0.00  
1.00  0.00  0.00  0.00  0.00  
-9999.00  -9999.00  -9999.00  -9999.00  -9999.00  
1.00  0.00  0.00  0.00  0.00  
1.00  0.00  0.00  0.00  0.00  
1.00  0.00  0.00  0.00  0.00  
1.00  0.00  0.00  0.00  0.00  
1.00  0.00  0.00  0.00  0.00  
1.00  0.00  0.00  0.00  0.00  
1.00  0.00  0.00  0.00  0.00  
1.00  0.00  0.00  0.00  0.00  
1.00  0.00  0.00  0.00  0.00  
1.00  0.00  0.00  0.00  0.00  
1.00  0.00  0.00  0.00  0.00  
1.00  0.00  0.00  0.00  0.00  
1.00  0.00  0.00  0.00  0.00  
1.00  0.00  0.00  0.00  0.00  
-9999.00  -9999.00  -9999.00  -9999.00  -9999.00  
1.00  0.00  0.00  0.00  0.00  
1.00  0.00  0.00  0.00  0.00  
1.00  0.00  0.00  0.00  0.00  
1.00  0.00  0.00  0.00  0.00  
1.00  0.00  0.00  0.00  0.00  
1.00  0.00  0.00  0.00  0.00  
1.00  0.00  0.00  0.00  0.00  
1.00  0.00  0.00  0.00  0.00  
1.00  0.00  0.00  0.00  0.00  
1.00  0.00  0.00  0.00  0.00  
1.00  0.00  0.00  0.00  0.00  
1.00  0.00  0.00  0.00  0.00  
-9999.00  -9999.00  -9999.00  -9999.00  -9999.00  
1.00  0.00  0.00  0.00  0.00  
1.00  0.00  0.00  0.00  0.00  
1.00  0.00  0.00  0.00  0.00  
1.00  0.00  0.00  0.00  0.00  
1.00  0.00  0.00  0.00  0.00  
1.00  0.00  0.00  0.00  0.00  
1.00  0.00  0.00  0.00  0.00  
1.00  0.00  0.00  0.00  0.00  
1.00  0.00  0.00  0.00  0.00  
1.00  0.00  0.00  0.00  0.00  
1.00  0.00  0.00  0.00  0.00  
1.00  0.00  0.00  0.00  0.00  
1.00  0.00  0.00  0.00  0.00  
-9999.00  -9999.00  -9999.00  -9999.00  -9999.00  
1.00  0.00  0.00  0.00  0.00  
1.00  0.00  0.00  0.00  0.00  
1.00  0.00  0.00  0.00  0.00  
1.00  0.00  0.00  0.00  0.00  
1.00  0.00  0.00  0.00  0.00  
1.00  0.00  0.00  0.00  0.00  
1.00  0.00  0.00  0.00  0.00  
1.00  0.00  0.00  0.00  0.00  
1.00  0.00  0.00  0.00  0.00  
1.00  0.00  0.00  0.00  0.00  
1.00  0.00  0.00  0.00  0.00  
1.00  0.00  0.00  0.00  0.00  
1.00  0.00  0.00  0.00  0.00  
1.00  0.00  0.00  0.00  0.00  
-9999.00  -9999.00  -9999.00  -9999.00  -9999.00  
1.00  0.00  0.00  0.00  0.00  
1.00  0.00  0.00  0.00  0.00  
1.00  0.00  0.00  0.00  0.00  
1.00  0.00  0.00  0.00  0.00  
1.00  0.00  0.00  0.00  0.00  
1.00  0.00  0.00  0.00  0.00  
1.00  0.00  0.00  0.00  0.00  
1.00  0.00  0.00  0.00  0.00  
1.00  0.00  0.00  0.00  0.00  
1.00  0.00  0.00  0.00  0.00  
1.00  0.00  0.00  0.00  0.00  
1.00  0.00  0.00  0.00  0.00  
1.00  0.00  0.00  0.00  0.00  
-9999.00  -9999.00  -9999.00  -9999.00  -9999.00  
1.00  0.00  0.00  0.00  0.00  
1.00  0.00  0.00  0.00  0.00  
1.00  0.00  0.00  0.00  0.00  
1.00  0.00  0.00  0.00  0.00  
1.00  0.00  0.00  0.00  0.00  
1.00  0.00  0.00  0.00  0.00  
1.00  0.00  0.00  0.00  0.00  
1.00  0.00  0.00  0.00  0.00  
1.00  0.00  0.00  0.00  0.00  
1.00  0.00  0.00  0.00  0.00  
1.00  0.00  0.00  0.00  0.00  
-9999.00  -9999.00  -9999.00  -9999.00  -9999.00  
1.00  0.00  0.00  0.00  0.00  
1.00  0.00  0.00  0.00  0.00  
1.00  0.00  0.00  0.00  0.00  
1.00  0.00  0.00  0.00  0.00  
1.00  0.00  0.00  0.00  0.00  
1.00  0.00  0.00  0.00  0.00  
1.00  0.00  0.00  0.00  0.00  
1.00  0.00  0.00  0.00  0.00  
1.00  0.00  0.00  0.00  0.00  
1.00  0.00  0.00  0.00  0.00  
1.00  0.00  0.00  0.00  0.00  
-9999.00  -9999.00  -9999.00  -9999.00  -9999.00  
