33330
33336
33330
33330
33331
33331
66662
44444
00001
66666
66666
66233
55533
66666
-9999-9999-9999-9999-9999
33330
44435
33335
36635
66666
66664
11111
11111
44443
11336
04445
00000
-9999-9999-9999-9999-9999
33336
33336
33330
11115
11113
33333
11111
44444
00006
11111
00200
55511
53333
-9999-9999-9999-9999-9999
33330
33331
33330
11110
11116
33333
11111
44444
11111
11116
22222
55555
00000
66666
22223
22222
-9999-9999-9999-9999-9999
33330
33336
33330
33330
11110
33334
11110
44444
00000
33333
00300
55555
00000
-9999-9999-9999-9999-9999
33336
33330
34446
33336
33336
00025
00006
22222
66565
00000
55655
45555
-9999-9999-9999-9999-9999
33330
22220
33331
33021
00000
00006
55551
55556
22226
55565
66566
-9999-9999-9999-9999-9999
33336
33330
33330
55550
55556
33333
55554
22222
66660
55555
66363
11144
66666
-9999-9999-9999-9999-9999
33330
33336
33330
55151
55356
33333
55555
22222
66660
55533
66366
11100
60000
-9999-9999-9999-9999-9999
33336
33336
33330
35136
55256
33332
55556
22222
66664
55555
66563
11133
11111
-9999-9999-9999-9999-9999
33336
33330
33330
55556
55550
33335
55555
22222
66660
55555
66366
11144
14444
-9999-9999-9999-9999-9999
33336
33330
33330
55556
55556
33332
22222
55550
66666
55555
66363
11133
13333
-9999-9999-9999-9999-9999
33330
44435
33332
33646
66664
66664
11114
66660
66662
11111
10004
01111
06666
05500
22200
22222
52222
-9999-9999-9999-9999-9999
33330
33336
33330
55556
55556
33335
55552
22222
66661
33333
66566
11111
13333
-9999-9999-9999-9999-9999
33330
44445
33336
33644
66661
66660
66664
22222
22224
44444
00666
06625
05522
05500
55500
55555
55511
51111
-9999-9999-9999-9999-9999
33335
33331
33436
33335
33336
33334
00606
22222
66664
00000
00506
00435
11144
00000
-9999-9999-9999-9999-9999
33336
44446
33336
33645
66663
66662
66666
66666
66666
11113
66603
00000
00000
00000
-9999-9999-9999-9999-9999
33330
33336
33330
55551
55336
33333
55554
22222
55555
55555
53353
65666
11100
15555
-9999-9999-9999-9999-9999
33336
33330
33336
55551
53356
00050
44442
00044
-9999-9999-9999-9999-9999
33330
22231
33330
33220
00000
00006
00000
00000
00000
55556
56660
63363
63332
61466
44466
11144
44444
-9999-9999-9999-9999-9999
33336
33330
33330
55556
55550
33332
22222
55550
55555
55555
36666
66665
11166
11111
-9999-9999-9999-9999-9999
33330
33330
33330
55131
53336
33336
55555
22222
55555
55555
55566
66665
11144
10000
-9999-9999-9999-9999-9999
33336
22224
33331
33031
00020
00006
55556
55555
22220
55351
65521
65555
-9999-9999-9999-9999-9999
33336
33330
33336
55150
55556
33332
55554
22222
66661
55555
66463
11111
61111
-9999-9999-9999-9999-9999
33330
33333
33335
33335
33336
33024
00006
22222
66663
00000
00666
00405
11111
05555
-9999-9999-9999-9999-9999
33336
33336
33330
55550
55550
33332
22222
55550
66664
55555
66666
11100
15555
-9999-9999-9999-9999-9999
33335
33330
33330
33330
33341
33332
44444
66661
00002
66661
66666
66216
55511
61111
-9999-9999-9999-9999-9999
33330
33336
33330
11115
13310
33334
11110
44444
00006
11111
00203
55555
05555
-9999-9999-9999-9999-9999
33336
33330
33336
55556
53336
33332
55555
22222
55555
55555
36664
65556
11166
10000
-9999-9999-9999-9999-9999
33331
33336
33330
11116
11616
33331
11111
44444
33334
22222
55555
44444
00511
55151
00000
00000
62222
-9999-9999-9999-9999-9999
33336
33333
33231
55551
33330
33640
66660
44444
00003
66666
66000
66233
55500
61111
-9999-9999-9999-9999-9999
33330
33336
33336
33336
33336
33334
00006
22222
66664
00005
00006
00433
11111
05555
-9999-9999-9999-9999-9999
33336
33330
33436
31436
33236
33026
00004
22222
66566
00000
44600
54444
-9999-9999-9999-9999-9999
33336
33336
33230
33330
33330
33332
66662
44444
00003
66666
66666
66233
55511
66666
-9999-9999-9999-9999-9999
33336
33330
33333
11116
13336
33333
11114
44444
00000
11111
00003
55500
01111
-9999-9999-9999-9999-9999
33330
33336
33336
55130
53556
33332
55555
22222
55555
55555
63333
65556
11144
10000
-9999-9999-9999-9999-9999
33336
33330
33336
55541
55353
33332
55554
22222
66665
55555
66463
11111
13333
-9999-9999-9999-9999-9999
33336
44446
33335
33146
66663
66663
66666
66666
66666
11111
66664
11111
11111
11111
22222
33334
22222
-9999-9999-9999-9999-9999
33336
33336
33336
55556
55550
33332
55556
22222
55555
55555
36664
66665
11155
13333
-9999-9999-9999-9999-9999
33335
22221
33333
33031
00003
00003
55555
55551
22522
66660
33332
30033
35522
50000
00000
00000
11111
-9999-9999-9999-9999-9999
33330
33336
33330
55555
55556
33332
55555
22222
66666
55555
66463
11100
13333
-9999-9999-9999-9999-9999
33331
33333
33331
33330
33330
33332
66660
44444
00002
66666
66160
66213
55555
66666
-9999-9999-9999-9999-9999
33334
33336
33330
11110
11310
33334
11110
44444
00006
33333
00300
55522
55555
-9999-9999-9999-9999-9999
33335
33335
33336
55551
55536
33332
55554
22222
66661
33333
66466
11133
16666
-9999-9999-9999-9999-9999
33331
33336
33335
11110
11116
33333
11110
44444
00006
33333
00303
55555
53333
-9999-9999-9999-9999-9999
33331
33330
33331
55150
55530
33332
22222
55550
66666
53333
66366
11100
16666
-9999-9999-9999-9999-9999
33330
33330
33435
33335
33336
33336
00405
22222
66666
00004
45611
43333
-9999-9999-9999-9999-9999
33336
44445
33336
33635
66663
66661
11115
11111
44144
11011
00104
-9999-9999-9999-9999-9999
33330
22220
33330
33021
00023
00002
55553
55555
22222
55550
66660
65531
11111
11165
11111
11111
11111
-9999-9999-9999-9999-9999
33331
44445
33336
33642
66664
66662
11116
22222
22222
44444
33030
60055
06555
05500
55505
55555
55555
51111
-9999-9999-9999-9999-9999
33336
33330
33330
11516
11330
33334
11110
44444
00005
11000
00200
55555
56666
-9999-9999-9999-9999-9999
33330
33336
33336
33436
33336
33026
00005
22222
66664
00000
00500
00466
11133
05555
-9999-9999-9999-9999-9999
33336
33336
33230
33331
33330
33630
66660
44444
00003
11116
66000
61203
55555
61111
-9999-9999-9999-9999-9999
33336
33631
33331
33021
00004
00000
55551
55551
22222
55555
66665
-9999-9999-9999-9999-9999
33336
22231
33330
33434
00000
00003
55555
55555
22225
55356
33336
36662
66255
66666
06606
00011
44444
-9999-9999-9999-9999-9999
33336
33330
33330
55151
55356
33332
55554
22226
33336
44444
11111
66666
61112
16556
66666
66611
04444
-9999-9999-9999-9999-9999
33336
44445
33335
36645
66664
66661
11115
11111
44446
11310
06645
01111
-9999-9999-9999-9999-9999
33336
33330
33330
33551
33331
33631
66661
44444
00000
66666
21000
13333
-9999-9999-9999-9999-9999
33336
33330
33331
33230
33331
33633
66666
44444
00002
66666
66660
66223
55566
62222
-9999-9999-9999-9999-9999
33336
44446
33335
33645
66663
66663
11114
11111
44140
33330
04445
04414
-9999-9999-9999-9999-9999
33336
33333
33336
55551
53356
33332
55555
22222
55555
55555
11111
11111
11611
10000
-9999-9999-9999-9999-9999
33330
33330
33336
55556
55336
33332
22222
55550
55555
55555
36666
63355
11133
15555
-9999-9999-9999-9999-9999
33335
22621
33331
33021
00004
00002
55555
55551
22222
55555
66066
66565
-9999-9999-9999-9999-9999
33334
33330
33336
11116
11116
33334
11114
44444
00000
13033
00203
55511
51111
-9999-9999-9999-9999-9999
33335
44045
33332
33644
66666
66660
11115
66615
44445
00000
66666
44441
44444
33333
66661
00001
11111
22222
-9999-9999-9999-9999-9999
33330
33435
33335
33632
66663
66666
66666
66664
66666
11111
66661
11111
11111
11111
22222
33333
22555
-9999-9999-9999-9999-9999
33330
33336
33330
11110
11116
33333
11111
44444
11111
11111
03333
01110
10011
00000
55511
55555
-9999-9999-9999-9999-9999
33330
33333
33331
55351
33330
33634
66662
44444
00103
66666
66000
66233
55566
66666
-9999-9999-9999-9999-9999
33335
33336
33230
33330
33331
33632
66662
44444
00002
66666
66666
66606
55533
62222
-9999-9999-9999-9999-9999
33336
22221
33330
33021
00003
00005
55553
55552
22225
33333
61111
66655
66000
66666
66666
66644
11111
-9999-9999-9999-9999-9999
33330
33330
33330
55551
55350
33332
55556
22222
66660
55556
66363
11111
61111
-9999-9999-9999-9999-9999
33336
33330
33330
11110
11410
33336
11116
44440
33330
22222
00000
01111
-9999-9999-9999-9999-9999
33336
22221
33330
33420
00000
00001
55552
55555
22226
55666
66666
-9999-9999-9999-9999-9999
33336
33332
33330
55556
55356
33333
55556
22222
66666
55555
66563
11155
16666
-9999-9999-9999-9999-9999
33336
44436
33335
43642
66666
66664
66666
66666
66662
11111
10000
00044
03111
05000
22544
55522
55555
-9999-9999-9999-9999-9999
33336
33331
33336
55550
55550
33333
22222
55550
66664
33333
66666
11166
15555
-9999-9999-9999-9999-9999
33336
33332
33334
33336
33336
33325
00606
22222
66666
00005
00066
00463
11155
03333
-9999-9999-9999-9999-9999
33330
33336
33336
55556
55550
00056
44444
00000
-9999-9999-9999-9999-9999
33335
33330
33336
31130
11116
33333
11114
44444
00001
11113
00303
55566
56666
-9999-9999-9999-9999-9999
33330
33330
33330
55550
55336
33332
55555
22222
66665
55556
66363
11155
15555
-9999-9999-9999-9999-9999
33331
33331
33435
33436
33336
33336
00006
22222
66665
00005
00006
00450
11133
01111
-9999-9999-9999-9999-9999
33331
33332
33330
11516
11310
33334
11114
44444
00000
11113
00000
55555
53333
-9999-9999-9999-9999-9999
33330
44435
33336
36630
66663
66663
11113
11110
44443
11010
00110
-9999-9999-9999-9999-9999
33330
34436
33334
33635
66642
66666
11111
11115
44443
11110
33336
30001
01111
64444
60000
66666
22222
-9999-9999-9999-9999-9999
33330
44446
33335
33336
11114
22222
11111
33333
22202
00006
11111
33333
00000
66666
-9999-9999-9999-9999-9999
33330
33330
33330
55556
53336
33332
55556
22222
66666
55555
66466
11166
13333
-9999-9999-9999-9999-9999
33336
33335
33336
33133
11316
33333
11112
44444
00006
11000
00203
55555
56666
-9999-9999-9999-9999-9999
33336
44445
33335
33645
66663
66661
11114
11114
44444
11116
00111
-9999-9999-9999-9999-9999
33335
33331
33435
33435
33336
33234
00101
33342
11113
11210
33332
55645
00000
-9999-9999-9999-9999-9999
33330
33330
33336
11515
11310
33331
11110
44444
11111
11111
13111
01110
55555
53333
-9999-9999-9999-9999-9999
33330
33336
33435
33333
33336
33336
00004
22222
66664
00000
11111
11111
00011
00000
-9999-9999-9999-9999-9999
33336
33332
33330
11135
11110
33334
11110
44444
11111
11111
31111
01000
22222
52222
-9999-9999-9999-9999-9999
33331
44445
33336
33635
66663
66661
66661
66661
11111
11114
44444
63333
00555
00055
00000
61166
-9999-9999-9999-9999-9999
33330
33330
33336
11116
11110
33333
11111
44444
11111
11111
03333
00311
55555
55555
-9999-9999-9999-9999-9999
33330
33330
33330
33560
00004
00002
00203
00000
55556
00305
33330
33335
-9999-9999-9999-9999-9999
33336
33335
33330
11110
11135
33334
11114
44444
00000
11111
00203
55533
50000
-9999-9999-9999-9999-9999
33336
33330
33336
11110
13330
33334
11110
44444
11111
11111
13333
00000
55500
55555
-9999-9999-9999-9999-9999
33335
33336
33330
55151
55336
33332
55554
22222
66666
55553
66466
11155
16666
-9999-9999-9999-9999-9999
33330
22231
33334
33320
00003
00006
22226
00000
55555
44433
53333
-9999-9999-9999-9999-9999
33330
22220
33331
30026
00003
00001
55551
55555
22526
55655
66655
-9999-9999-9999-9999-9999
