33333
24435
04234
23033
33030
22022
02022
22222
06665
66665
46003
44454
11133
03333
-9999-9999-9999-9999-9999
33333
23234
04232
24340
33333
32020
02000
22222
06656
66656
66644
61111
-9999-9999-9999-9999-9999
33333
33033
44341
33314
66600
11166
64114
11111
44444
11001
20000
-9999-9999-9999-9999-9999
33333
23444
14454
41114
31133
33336
11111
44444
00000
20000
22220
55500
51111
-9999-9999-9999-9999-9999
33333
33033
44144
33033
61166
64144
61111
11111
44444
11116
23030
-9999-9999-9999-9999-9999
33333
24422
64422
42326
33633
34664
44664
44444
60001
00010
26666
22266
55533
63333
-9999-9999-9999-9999-9999
33333
44240
52212
25333
35555
33335
55552
22222
66666
46665
44644
11155
43333
-9999-9999-9999-9999-9999
33333
33032
44344
33443
66164
64141
61111
11111
44444
11113
50030
33333
00000
00440
00666
00000
22222
-9999-9999-9999-9999-9999
33330
44222
14444
41313
31336
33313
44444
11110
00000
20010
22020
55555
20000
-9999-9999-9999-9999-9999
33333
33333
22333
33533
00500
05000
55505
55555
02020
00500
55655
66666
03303
56665
66666
11111
11111
-9999-9999-9999-9999-9999
33333
43442
14431
41144
33114
33334
11111
44444
11001
00011
20003
00033
55500
21111
-9999-9999-9999-9999-9999
33333
23232
03234
23441
33030
32222
02000
22222
06654
66666
46005
44404
11133
01111
-9999-9999-9999-9999-9999
33333
33033
44344
33143
66160
11116
64111
11111
44444
51103
23033
-9999-9999-9999-9999-9999
33335
43434
52223
25545
35555
33335
55552
22222
55666
66656
46656
66666
60555
66666
11155
01100
-9999-9999-9999-9999-9999
33333
33330
44444
33133
61101
66644
61416
11111
44434
11111
50660
26016
-9999-9999-9999-9999-9999
33333
43443
02222
24332
33030
32003
22202
22222
06466
66666
66355
63333
-9999-9999-9999-9999-9999
33333
23222
02224
23314
33030
33333
44444
22226
44355
44411
16666
-9999-9999-9999-9999-9999
33333
43432
04330
24444
33034
32003
02002
22222
06666
66666
66333
60000
-9999-9999-9999-9999-9999
33333
23233
14442
41324
31311
31131
11111
44444
00000
20101
22220
55500
53333
-9999-9999-9999-9999-9999
33333
23426
14455
41333
33133
33132
11114
44444
00000
20103
22002
55511
55555
-9999-9999-9999-9999-9999
33333
23434
52233
25332
35552
35354
55522
22222
66666
45635
44446
11144
43333
-9999-9999-9999-9999-9999
33333
23324
52223
25554
35555
33355
55556
22222
66666
46555
44446
11144
40000
-9999-9999-9999-9999-9999
33333
43223
14433
41113
31111
33344
11111
44444
00000
20003
22222
55566
51111
-9999-9999-9999-9999-9999
33333
22232
52231
25535
35555
33335
55555
22222
55656
66553
46666
66666
11166
43333
-9999-9999-9999-9999-9999
33333
33334
44330
33001
61161
64661
11116
04060
44664
11611
66666
00111
01161
11111
22222
11111
22555
-9999-9999-9999-9999-9999
33332
33333
22532
33553
00506
55005
05555
55555
22222
15006
46555
-9999-9999-9999-9999-9999
33333
43434
13412
41142
31331
31333
11114
44444
00000
20111
22020
55566
55555
-9999-9999-9999-9999-9999
33333
23334
52222
25524
35553
33333
55552
22222
66666
46555
44466
11100
10000
-9999-9999-9999-9999-9999
33333
43232
53222
25545
35534
33333
55555
22222
66666
46555
44446
11144
45555
-9999-9999-9999-9999-9999
33333
23231
64423
42355
33634
34644
44664
44444
60010
00000
00033
01111
-9999-9999-9999-9999-9999
33332
43433
13454
41144
31122
31136
11111
44444
00000
20100
22022
55511
53333
-9999-9999-9999-9999-9999
33333
33333
44340
33144
66166
64641
64411
11111
44444
51116
23111
-9999-9999-9999-9999-9999
33333
43434
14433
41133
31132
33331
14111
44444
11000
00010
20000
00000
01111
00000
55555
61122
-9999-9999-9999-9999-9999
33333
44436
14444
42241
31111
31146
11114
44444
11111
00111
20000
00033
55533
22222
-9999-9999-9999-9999-9999
33333
33333
41341
33136
66601
64144
14144
04444
44114
11111
66660
00161
51314
56666
-9999-9999-9999-9999-9999
33333
43444
64435
42246
33644
34644
64644
44444
60010
00000
00066
02222
-9999-9999-9999-9999-9999
33333
23434
52213
25332
35555
35525
55525
22222
66666
46655
44644
11111
45555
-9999-9999-9999-9999-9999
33333
43434
02223
24324
33033
32330
02000
22222
06664
66636
40005
44435
11100
05555
-9999-9999-9999-9999-9999
33333
43432
13433
41141
31111
33334
11111
44444
00000
20100
22222
55522
22222
-9999-9999-9999-9999-9999
33333
43231
53234
25555
35533
33333
52552
22222
66666
45555
44444
11133
14444
-9999-9999-9999-9999-9999
33333
23224
53233
25553
35535
33535
55555
22222
66666
46645
44466
11144
44444
-9999-9999-9999-9999-9999
33333
33431
44434
33430
66161
64146
14166
11111
11111
44644
46444
66666
00110
00111
00000
00000
55522
55555
-9999-9999-9999-9999-9999
33334
43432
14433
41311
31131
33134
44444
11111
00000
21131
22022
55522
53333
-9999-9999-9999-9999-9999
33333
33440
44343
33433
61160
64111
64144
11111
44444
51036
20330
-9999-9999-9999-9999-9999
33323
33443
44333
33336
66166
11116
61166
14111
44444
51111
21130
-9999-9999-9999-9999-9999
33333
44244
53233
25553
35355
25552
55544
44455
51111
-9999-9999-9999-9999-9999
33333
33322
26352
33532
05502
52520
62022
22002
05555
55511
02222
-9999-9999-9999-9999-9999
33333
33043
44334
33141
61104
61106
11146
04142
44164
11111
66660
00000
53116
55555
-9999-9999-9999-9999-9999
33333
33333
44341
33100
66666
66166
64111
11111
44440
11333
44446
26010
-9999-9999-9999-9999-9999
33333
22232
02433
24323
33034
32306
02000
22222
06664
66666
46006
40434
11166
04444
-9999-9999-9999-9999-9999
33333
22444
02241
23212
33035
22223
02000
22222
06466
66666
66655
63333
-9999-9999-9999-9999-9999
33333
23233
52214
25535
33535
33355
55525
22222
55655
66555
46666
66656
11133
43333
-9999-9999-9999-9999-9999
33333
23236
64424
43346
33643
44633
64646
62246
22442
44444
00000
22222
00011
12233
21111
-9999-9999-9999-9999-9999
33333
22232
52222
25554
35545
25555
55555
50033
-9999-9999-9999-9999-9999
33333
23232
52233
25355
35555
35353
22222
55555
55556
66666
46666
66633
11133
40000
-9999-9999-9999-9999-9999
33332
24435
53241
25443
35553
33335
55555
22222
66666
46656
44464
11144
11111
-9999-9999-9999-9999-9999
33331
43234
02224
24333
33033
32032
02002
22222
06454
66666
46000
44406
11155
03333
-9999-9999-9999-9999-9999
33333
22233
13433
41224
33313
31141
11111
44444
00000
20111
22202
55555
51111
-9999-9999-9999-9999-9999
33333
42222
52233
25512
35555
35533
55555
22222
66666
45655
44444
11133
44444
-9999-9999-9999-9999-9999
33333
24232
13431
41121
31131
41166
11111
66622
-9999-9999-9999-9999-9999
33333
33333
44340
33133
61161
64166
64114
11111
44414
50340
33333
00000
11011
00011
06606
66655
25555
-9999-9999-9999-9999-9999
33333
23422
53215
25543
35555
25550
55555
50033
54444
-9999-9999-9999-9999-9999
33333
33222
22533
33523
00550
52002
02551
55555
22222
55555
15656
40666
-9999-9999-9999-9999-9999
33333
23432
14443
41525
31131
33333
11111
44444
11001
00001
20010
00001
55533
23333
-9999-9999-9999-9999-9999
33333
43232
53232
25214
35554
33353
55552
22222
66666
46654
44644
11166
11111
-9999-9999-9999-9999-9999
33333
22234
52232
25352
35553
33533
55552
22222
66666
46666
44444
11166
40000
-9999-9999-9999-9999-9999
33333
22432
13434
41111
31131
33144
44444
11111
11002
00010
20300
00001
55500
23333
-9999-9999-9999-9999-9999
33333
42222
14424
41132
31331
31133
14111
44444
00000
20001
22200
55522
21111
-9999-9999-9999-9999-9999
33333
33333
44330
33434
61162
11161
06646
44664
61111
11155
62222
-9999-9999-9999-9999-9999
33334
23432
14451
41331
33311
33313
14111
44444
00000
20111
22200
55533
53333
-9999-9999-9999-9999-9999
33333
23434
53233
25322
35555
55535
55550
50552
11111
02002
03333
35555
-9999-9999-9999-9999-9999
33333
24432
64434
42343
33622
44646
64646
44444
60000
00000
00066
05555
-9999-9999-9999-9999-9999
33333
43432
02224
23443
33032
32023
00064
04444
44111
11411
33533
45544
55555
10222
-9999-9999-9999-9999-9999
33333
24234
14455
41114
33311
33114
14114
44444
00011
20013
22002
55555
51111
-9999-9999-9999-9999-9999
33333
22432
52231
25535
35554
33553
55555
22222
55555
66655
46633
66656
11100
45555
-9999-9999-9999-9999-9999
33333
43234
53234
25534
35535
33350
55555
22222
66666
46635
44644
11144
15555
-9999-9999-9999-9999-9999
33333
23233
52253
25331
35533
33533
55555
22222
66650
46566
44444
11133
13333
-9999-9999-9999-9999-9999
33333
34433
44144
33133
61161
61114
64111
11111
44444
51000
20031
-9999-9999-9999-9999-9999
33333
22433
52222
24442
35533
33333
55555
22222
66666
46536
44444
11133
15555
-9999-9999-9999-9999-9999
33334
23232
13433
41334
33134
33333
11111
44444
00000
20010
22022
55511
53333
-9999-9999-9999-9999-9999
33333
43435
04333
21334
33034
32300
02005
22222
06656
66666
40560
44444
11133
06666
-9999-9999-9999-9999-9999
33333
23223
14434
41111
31114
33111
11111
44444
00000
20111
22200
55522
20000
-9999-9999-9999-9999-9999
33334
43334
53222
25522
35555
25555
55555
50011
-9999-9999-9999-9999-9999
33333
42224
53233
25522
35555
25555
55545
44433
50000
-9999-9999-9999-9999-9999
33334
33623
22322
33535
05552
02500
52555
22222
65660
00000
44444
55115
66115
63111
66116
55111
44333
11000
-9999-9999-9999-9999-9999
33333
22232
03230
21343
33032
32024
02025
22222
06646
66665
46660
44444
11133
03333
-9999-9999-9999-9999-9999
33333
22232
14445
41225
31133
33333
14111
44444
00000
20110
22222
55555
26666
-9999-9999-9999-9999-9999
33333
33523
22325
33233
05505
55520
02555
55555
22222
56655
66566
36636
43336
-9999-9999-9999-9999-9999
33333
43444
53332
25313
35533
33323
22222
55555
66666
46666
44666
11144
14444
-9999-9999-9999-9999-9999
33333
23432
52232
25145
35555
35333
55555
22222
66666
46355
44444
11111
15555
-9999-9999-9999-9999-9999
33333
23432
52234
25555
33535
33533
55555
22222
66666
46555
44644
11133
16666
-9999-9999-9999-9999-9999
33333
33343
44140
33101
61160
61161
64111
11111
44444
11141
53340
33333
00010
00444
06666
66655
52222
-9999-9999-9999-9999-9999
33332
33334
40344
33130
66101
64166
64115
11111
44444
51111
23100
-9999-9999-9999-9999-9999
33333
33333
22564
55553
55555
22525
55555
56565
66666
11666
66666
66636
11441
42445
44444
-9999-9999-9999-9999-9999
33333
22434
14435
41114
31113
33131
44444
11111
11111
00000
20031
00030
01111
00000
55511
65555
-9999-9999-9999-9999-9999
33333
44240
13433
41313
31111
31311
11141
44444
11010
00000
20000
00001
22200
23333
-9999-9999-9999-9999-9999
33333
33344
44133
33444
61210
11661
66115
14114
44444
11411
56365
33333
60000
00000
00000
00022
22222
-9999-9999-9999-9999-9999
33333
33333
44333
33141
66104
64111
61441
11111
44444
51010
00111
20011
-9999-9999-9999-9999-9999
33333
33333
44334
33433
66166
64666
64114
11114
44114
51660
26111
-9999-9999-9999-9999-9999
33333
23232
52232
25425
35525
35553
52550
22222
66666
46566
44466
11155
13333
-9999-9999-9999-9999-9999
