33330
33330
22324
33431
22221
55551
22625
66666
66665
55555
66666
55555
04400
44440
44444
55511
14444
-9999-9999-9999-9999-9999
33334
44446
33332
34140
66666
66660
11115
66465
33035
11410
00405
00401
06666
16616
61111
66622
52222
-9999-9999-9999-9999-9999
33336
33336
44346
33335
44046
22226
11116
00002
00006
00000
00000
11111
62226
22226
22222
11111
22222
-9999-9999-9999-9999-9999
33336
33336
33335
33335
44446
11116
11115
44443
00006
22223
22220
22220
22226
22220
22222
11220
66222
22222
-9999-9999-9999-9999-9999
33335
33330
44441
33335
44246
22226
11110
00330
04115
11111
22211
10011
00200
00010
00000
00000
52222
-9999-9999-9999-9999-9999
33330
33336
33336
33220
33333
33333
22221
66666
44444
22222
65555
66666
66666
00000
00000
11111
00001
44444
11111
-9999-9999-9999-9999-9999
33330
44445
33335
33645
66663
66664
11110
66160
33330
11616
00005
00006
54446
50000
55555
50000
22222
-9999-9999-9999-9999-9999
33330
33336
44346
33246
42245
22225
55554
33331
00002
22222
11111
11110
01111
66666
66665
00006
66662
55555
-9999-9999-9999-9999-9999
33330
44445
33336
43132
66663
46443
66665
66660
11114
55555
22222
44445
11111
11115
00005
66666
22000
-9999-9999-9999-9999-9999
33330
44446
33335
44645
66663
66663
11160
66110
33035
11116
00005
00405
56666
55155
55555
50055
52222
-9999-9999-9999-9999-9999
33330
33330
44345
33235
44443
11116
11111
44442
00001
22221
22226
22220
22223
22226
22221
66222
66666
22222
-9999-9999-9999-9999-9999
33336
33336
43346
33336
44443
11110
44445
55555
66663
66660
66666
11114
22222
22000
-9999-9999-9999-9999-9999
33336
33330
43336
33335
44046
22224
11116
30035
11110
33032
44444
00000
22222
22220
22000
22222
22222
22222
55555
22222
-9999-9999-9999-9999-9999
33330
33336
33336
33332
23231
22226
55553
33131
00006
11111
11116
11111
22222
22226
22226
66222
55222
-9999-9999-9999-9999-9999
33330
33330
22321
33231
22221
55554
55552
22223
66460
44442
44446
44441
44445
44444
44440
66441
00444
-9999-9999-9999-9999-9999
33335
33333
43336
33330
44443
11113
11110
44442
00003
22221
22221
22223
22222
22221
22222
11221
22000
-9999-9999-9999-9999-9999
33331
33336
55556
55554
55554
11112
00006
11116
22222
11110
22222
00000
22221
22222
22224
44225
-9999-9999-9999-9999-9999
33330
44445
33335
33645
66663
62223
22222
22226
00000
11111
00004
33333
66666
66666
44444
66666
11111
00000
-9999-9999-9999-9999-9999
33335
33330
22221
33331
22220
55556
55552
22224
66665
44442
44445
44442
44444
44444
00005
11222
-9999-9999-9999-9999-9999
33331
33330
44342
33335
44446
11115
11112
44442
00006
22226
22224
22223
22221
22224
22225
22225
51220
55555
00222
22222
-9999-9999-9999-9999-9999
33336
33331
33331
33031
00000
00002
00006
22222
22226
00000
44444
11111
11110
11112
11114
40111
00666
11111
-9999-9999-9999-9999-9999
33336
33336
22221
33331
22221
55550
55554
22224
66662
44442
44445
44443
44443
44440
44445
22445
44444
-9999-9999-9999-9999-9999
33331
33330
11116
44446
33334
44445
11112
44443
00206
22226
22222
22220
22226
22222
22224
44222
44222
55555
-9999-9999-9999-9999-9999
33331
33231
33331
30004
00003
00005
55551
00201
33330
33336
66666
60111
16656
11000
11111
16666
44444
-9999-9999-9999-9999-9999
33336
22221
33334
23035
00002
00006
55553
00102
33631
65110
66065
66566
60000
55506
00000
22000
44444
-9999-9999-9999-9999-9999
33330
33336
23330
33331
22220
44446
55551
66660
22222
55551
55555
44444
44440
44441
44446
50445
11111
-9999-9999-9999-9999-9999
33330
33336
22230
33331
22221
55553
55555
22222
55550
44443
44442
44446
44446
44441
44446
66440
11111
-9999-9999-9999-9999-9999
33331
33330
33331
33420
00006
00000
55551
55551
33630
33333
66600
62555
66055
65500
06666
66644
44444
-9999-9999-9999-9999-9999
33336
33336
44342
33336
44443
11110
11110
44445
00004
22222
22223
22222
22222
22226
66221
55555
-9999-9999-9999-9999-9999
33330
33333
22220
33331
44641
44441
11111
33335
55555
55555
55555
55555
55555
00000
11110
55551
11110
00000
-9999-9999-9999-9999-9999
33330
33330
23334
33431
22220
55556
55552
22221
66665
44440
44444
44444
44442
44442
44442
00444
22444
11111
-9999-9999-9999-9999-9999
33330
33331
11110
55552
55453
44442
55556
55550
33331
00000
11111
00000
00004
66666
00000
00000
22444
22666
-9999-9999-9999-9999-9999
33336
33333
22334
33331
23531
44442
11110
22561
66665
55555
55555
55555
65565
00004
00000
55550
44445
-9999-9999-9999-9999-9999
33336
33336
22225
33331
22221
44440
55553
66366
66665
55555
66666
11111
04444
44400
44444
55544
41111
-9999-9999-9999-9999-9999
33330
33336
44446
33336
44446
22224
44440
33330
00106
00005
11112
22221
22222
22225
22220
00222
55551
-9999-9999-9999-9999-9999
33330
33330
33330
33331
22223
55551
55550
22220
66663
44440
44444
44440
44442
44440
44445
55440
44000
-9999-9999-9999-9999-9999
33336
33333
22220
33331
23431
44440
55554
36626
66665
55555
66666
55555
04400
44440
44444
55544
14444
-9999-9999-9999-9999-9999
33334
33336
55556
22320
22221
22221
55553
66660
44444
44442
44446
44442
44445
44445
44440
11444
55555
00000
-9999-9999-9999-9999-9999
33336
33330
23330
33331
22231
44440
11110
33535
55555
66666
55555
55555
55555
00000
11110
55555
11111
00000
-9999-9999-9999-9999-9999
33330
33336
55554
22220
22224
22221
55553
22224
66662
44442
44445
44443
44440
44445
44441
56442
00000
-9999-9999-9999-9999-9999
33331
33336
44345
44445
00306
00006
00002
33332
33334
33330
44444
44444
66666
22222
22222
20000
55111
-9999-9999-9999-9999-9999
33330
33333
35536
33331
33336
22221
55555
22220
66664
44445
44443
44442
44440
44442
44444
00445
44444
-9999-9999-9999-9999-9999
33336
33333
44342
33335
44445
11116
11114
44443
00001
22223
22220
22221
22223
22223
22221
33222
66665
-9999-9999-9999-9999-9999
33331
44445
33335
33330
33330
66660
66660
66661
44446
44046
44446
44440
66666
55555
44444
66666
00000
22555
-9999-9999-9999-9999-9999
33336
33330
22335
33331
22525
44443
55550
66624
66665
55555
66666
55555
04400
44444
44444
55544
11111
-9999-9999-9999-9999-9999
33336
33336
11110
11113
44440
44446
11112
44445
00003
22223
22224
22221
22220
22222
22224
44220
00000
22222
-9999-9999-9999-9999-9999
33336
44445
33335
33636
66663
66661
11115
66165
33033
33335
00006
00001
04455
16664
11111
61155
22222
-9999-9999-9999-9999-9999
33336
33333
33330
33440
33332
44446
22226
44445
33333
00002
33334
06666
61141
11111
11666
11111
11111
11155
55555
-9999-9999-9999-9999-9999
33336
33333
33334
33330
33431
44442
11111
33334
66665
55555
55551
55555
65560
06600
00000
66660
44110
-9999-9999-9999-9999-9999
33334
33330
44345
33335
44445
11110
11110
44443
00006
22226
22226
22226
22222
22220
22224
60222
66666
55555
-9999-9999-9999-9999-9999
33330
33332
44342
44440
33336
33332
66661
55554
66661
55555
55444
-9999-9999-9999-9999-9999
33331
33336
44346
33335
33131
22223
11114
00032
00000
11111
00000
55555
62266
22222
22222
11155
25555
-9999-9999-9999-9999-9999
33336
33330
22220
33321
22221
55550
55556
22224
66660
44440
44443
44441
44446
44440
44442
22444
00444
-9999-9999-9999-9999-9999
33335
33331
44445
33335
44446
22226
00005
44040
00000
11111
00000
11111
22266
22266
22222
11122
55555
-9999-9999-9999-9999-9999
33336
33336
33331
22223
66332
66661
66662
33030
33336
33336
00002
22222
66666
44444
66666
44444
11111
11111
55555
-9999-9999-9999-9999-9999
33330
33330
33330
33421
22220
55550
22221
33331
33333
55555
06660
66655
64466
66655
66666
66666
41111
-9999-9999-9999-9999-9999
33330
33331
43336
33335
44146
22226
55556
33330
11111
00110
11111
00000
00000
66666
66666
11111
55555
55555
22222
-9999-9999-9999-9999-9999
33330
33330
43346
33235
44046
22226
11116
00030
30006
30436
00000
55555
62266
22222
22222
11122
22222
-9999-9999-9999-9999-9999
33336
44145
33335
33646
66663
66600
66663
44443
11111
66665
55555
22222
55550
55555
55556
26660
66555
55555
-9999-9999-9999-9999-9999
33330
33330
22320
33331
23535
44440
11110
33661
66666
66666
55555
55555
55555
00000
00001
00550
11111
11111
11111
44444
-9999-9999-9999-9999-9999
33336
33336
22321
33334
23425
44440
55556
66666
66666
55555
66666
55555
44400
44400
44444
55511
44444
-9999-9999-9999-9999-9999
33336
33333
33335
33435
23135
22226
11110
00036
00444
11111
00000
11111
62266
22226
22222
11155
22222
-9999-9999-9999-9999-9999
33330
33331
22320
33331
33435
44445
11113
33660
66665
44444
44444
55555
55550
55555
55555
66555
11550
00555
-9999-9999-9999-9999-9999
33336
33330
55556
55550
55554
11110
00002
11116
22222
11110
33333
66660
66660
33333
33331
11111
44444
-9999-9999-9999-9999-9999
33336
34435
33335
33640
66663
66660
66666
22222
66666
22220
66666
00000
00044
55544
00000
55500
55511
51111
-9999-9999-9999-9999-9999
33330
33336
22220
33331
22220
44450
22226
66666
66664
63220
22222
11111
00400
44444
44444
55555
41111
-9999-9999-9999-9999-9999
33336
33336
33330
33331
33430
44440
11115
33335
55556
66666
11111
55555
55555
00000
00000
05555
11111
11111
11111
44444
-9999-9999-9999-9999-9999
33336
22230
33331
33431
00003
00004
02205
00006
00005
11111
11111
11111
11116
11110
22112
00111
44444
-9999-9999-9999-9999-9999
33330
33432
33335
33645
66661
62223
22222
22222
00000
11111
00234
33333
44444
44444
44440
11111
66666
00000
-9999-9999-9999-9999-9999
33336
33336
33330
33630
22220
33330
44040
00041
22222
44444
00111
00000
00000
66666
55555
55555
66665
22222
11555
-9999-9999-9999-9999-9999
33330
33336
22330
33331
22220
55556
22221
55556
66660
44446
44445
44446
44444
44442
44445
15446
00444
-9999-9999-9999-9999-9999
33335
33330
22220
33331
22221
55550
55551
22225
66663
44443
44445
44443
44442
44444
44442
00440
44000
-9999-9999-9999-9999-9999
33336
33336
23325
33331
22220
44443
22226
66636
66000
55555
66666
11111
04400
44444
44444
55555
41111
-9999-9999-9999-9999-9999
33331
33330
33330
33235
44645
22226
55553
33336
00006
44444
22222
22224
11112
11116
11115
66111
55556
-9999-9999-9999-9999-9999
33336
33333
22325
33331
23521
44440
55550
66666
66665
66666
66666
11111
04400
44440
44444
55511
14444
-9999-9999-9999-9999-9999
33330
33336
33330
33230
33332
22225
44340
22222
33333
33333
60060
00000
00066
00066
00000
00011
55555
-9999-9999-9999-9999-9999
33330
33330
22230
33331
23421
44440
55550
33634
00004
55551
55555
55555
44444
44440
44444
66445
11444
-9999-9999-9999-9999-9999
33330
44445
33335
33436
66663
66604
66664
44443
11111
66663
55555
55555
55555
55551
33555
55555
-9999-9999-9999-9999-9999
33335
33330
44345
33435
23131
22226
55556
00130
11111
00000
11111
11111
11111
66666
55555
11111
55555
22222
-9999-9999-9999-9999-9999
33330
33330
22220
33331
33432
44442
11110
33334
66665
55555
55555
55555
65565
00000
00001
66666
44445
-9999-9999-9999-9999-9999
33331
33330
22220
33331
22221
55552
55553
22224
66663
44446
44442
44446
44440
44442
44446
00444
66444
11111
-9999-9999-9999-9999-9999
33336
33330
22320
33431
22220
55554
55556
22223
66463
44444
44440
44442
44444
44444
44442
00440
44666
-9999-9999-9999-9999-9999
33335
33336
44446
33336
44445
11116
11113
44445
00005
22225
22225
22222
22221
22222
22226
55551
22222
-9999-9999-9999-9999-9999
33335
33336
44446
33335
22231
22226
55553
33135
00001
11111
11111
11111
01111
66666
66665
00000
22221
-9999-9999-9999-9999-9999
33336
44436
33136
33646
66663
66660
11110
16164
33035
11111
00006
00005
54444
55666
55555
54444
55555
-9999-9999-9999-9999-9999
33330
33330
33330
33330
23431
44443
55550
66661
66666
66666
66666
55555
04400
44440
44444
55555
11111
-9999-9999-9999-9999-9999
33330
33335
33332
33335
43246
22225
55556
33136
11111
00000
11111
11111
11111
66666
66665
11111
55555
55555
55555
22222
-9999-9999-9999-9999-9999
33331
33336
44336
33430
44445
11110
11114
00005
00001
00006
55541
66660
00005
44446
44442
44444
11112
26266
66666
22222
22222
-9999-9999-9999-9999-9999
33336
33331
33331
33021
00002
00003
00003
22223
55555
00000
44444
11115
11111
11112
11110
40111
00000
66666
-9999-9999-9999-9999-9999
33332
33336
22330
33331
43530
44440
11115
33330
56555
66666
55555
55555
55555
00000
00000
00000
11111
11111
11111
44444
-9999-9999-9999-9999-9999
33335
33230
33334
33531
00002
00003
55556
00506
33331
55666
66660
66266
02222
06666
00606
00044
14444
-9999-9999-9999-9999-9999
33336
33336
33330
33431
22220
44440
22226
66634
66661
33660
66666
55555
04400
44440
44444
55511
11111
-9999-9999-9999-9999-9999
33330
33336
33336
33345
44443
11116
11110
44442
22225
22222
22224
22220
22222
22221
22222
44222
44222
22222
-9999-9999-9999-9999-9999
33336
33334
22320
22221
66332
66660
66360
11114
22222
00000
00000
00000
11111
04444
00000
00055
55555
-9999-9999-9999-9999-9999
33336
33330
44342
33335
44445
11115
11111
44443
00002
22226
22223
22223
22224
22220
22222
66222
22222
-9999-9999-9999-9999-9999
33336
33330
55556
33320
33336
22424
22220
66661
44440
11115
44445
44443
44441
44442
44441
22441
22444
11444
-9999-9999-9999-9999-9999
33336
33330
11110
11112
11110
66660
55553
55550
44444
55556
44444
55555
00000
00006
00000
22222
-9999-9999-9999-9999-9999
33336
22221
33331
33036
00003
00001
55551
00506
33631
55551
66665
66660
15555
11665
11111
16611
11111
-9999-9999-9999-9999-9999
33335
33336
22325
22621
66330
66664
66660
11116
22220
44446
44444
44444
44444
44444
44444
00000
55555
55555
11111
-9999-9999-9999-9999-9999
33330
33332
22331
33336
22220
55550
44444
66660
11110
55550
44446
44442
44442
44444
44442
22442
00000
-9999-9999-9999-9999-9999
